timestamp,value,prediction_training,prediction,label,warp_distance,threshold_training,distance_threshold,positive_detection
2011-07-01 00:15:01,0.618226,1,0.0,0,0.0,0.0,-1.0,0.0
2011-07-01 01:15:01,0.506628,1,0.0,0,0.0,0.0,-1.0,0.0
2011-07-01 02:15:01,0.3995510000000001,1,0.0,0,0.0,0.0,-1.0,0.0
2011-07-01 03:15:01,0.482681,1,0.0,0,0.0,0.0,-1.0,0.0
2011-07-01 04:15:01,0.30603800000000003,1,0.0,0,0.0,0.0,-1.0,0.0
2011-07-01 05:15:01,0.332104,1,0.0,0,0.0,0.0,-1.0,0.0
2011-07-01 06:15:01,0.380452,1,0.0,0,0.0,0.0,-1.0,0.0
2011-07-01 07:15:01,0.397188,1,0.0,0,0.0,0.0,-1.0,0.0
2011-07-01 08:15:01,0.417183,1,0.0,0,0.0,0.0,-1.0,0.0
2011-07-01 09:15:01,0.419715,1,0.0,0,0.0,0.0,-1.0,0.0
2011-07-01 10:15:01,0.417553,1,0.0,0,0.0,0.0,-1.0,0.0
2011-07-01 11:15:01,0.53951,1,0.0,0,0.0,0.0,-1.0,0.0
2011-07-01 12:15:01,0.701813,1,0.0,0,0.0,0.0,-1.0,0.0
2011-07-01 13:15:01,0.680227,1,0.0,0,0.0,0.0,-1.0,0.0
2011-07-01 14:15:01,0.636111,1,0.0,0,0.0,0.0,-1.0,0.0
2011-07-01 15:15:01,0.559394,1,0.0,0,0.0,0.0,-1.0,0.0
2011-07-01 16:15:01,0.558454,1,0.0,0,0.0,0.0,-1.0,0.0
2011-07-01 17:15:01,0.730137,1,0.0,0,0.0,0.0,-1.0,0.0
2011-07-01 18:15:01,0.570717,1,0.0,0,0.0,0.0,-1.0,0.0
2011-07-01 19:15:01,0.470196,1,0.0,0,0.0,0.0,-1.0,0.0
2011-07-01 20:15:01,0.521258,1,0.0,0,0.0,0.0,-1.0,0.0
2011-07-01 21:15:01,0.5341229999999999,1,0.0,0,0.0,0.0,-1.0,0.0
2011-07-01 22:15:01,0.556916,1,0.0,0,0.0,0.0,-1.0,0.0
2011-07-01 23:15:01,0.386573,1,0.0,0,0.0,0.0,-1.0,0.0
2011-07-02 00:15:01,0.54252,1,0.0,0,0.0,0.0,-1.0,0.0
2011-07-02 01:15:01,0.585221,1,0.0,0,0.0,0.0,-1.0,0.0
2011-07-02 02:15:01,0.478123,1,0.0,0,0.0,0.0,-1.0,0.0
2011-07-02 03:15:01,0.456311,1,0.0,0,0.0,0.0,-1.0,0.0
2011-07-02 04:15:01,0.436003,1,0.0,0,0.0,0.0,-1.0,0.0
2011-07-02 05:15:01,0.433868,1,0.0,0,0.0,0.0,-1.0,0.0
2011-07-02 06:15:01,0.417904,1,0.0,0,0.0,0.0,-1.0,0.0
2011-07-02 07:15:01,0.433338,1,0.0,0,0.0,0.0,-1.0,0.0
2011-07-02 08:15:01,0.422441,1,0.0,0,0.0,0.0,-1.0,0.0
2011-07-02 09:15:01,0.402575,1,0.0,0,0.0,0.0,-1.0,0.0
2011-07-02 10:15:01,0.4229520000000001,1,0.0,0,0.0,0.0,-1.0,0.0
2011-07-02 11:15:01,0.502067,1,0.0,0,0.0,0.0,-1.0,0.0
2011-07-02 12:15:01,0.660433,1,0.0,0,0.0,0.0,-1.0,0.0
2011-07-02 13:15:01,0.7605970000000001,1,0.0,0,0.0,0.0,-1.0,0.0
2011-07-02 14:15:01,0.682584,1,0.0,0,0.0,0.0,-1.0,0.0
2011-07-02 15:15:01,0.681739,1,0.0,0,0.0,0.0,-1.0,0.0
2011-07-02 16:15:01,0.526754,1,0.0,0,0.0,0.0,-1.0,0.0
2011-07-02 17:15:01,0.5729069999999999,1,0.0,0,0.0,0.0,-1.0,0.0
2011-07-02 18:15:01,0.563936,1,0.0,0,0.0,0.0,-1.0,0.0
2011-07-02 19:15:01,0.5481779999999999,1,0.0,0,0.0,0.0,-1.0,0.0
2011-07-02 20:15:01,0.605104,1,0.0,0,0.0,0.0,-1.0,0.0
2011-07-02 21:15:01,0.5898909999999999,1,0.0,0,0.0,0.0,-1.0,0.0
2011-07-02 22:15:01,0.553882,1,0.0,0,0.0,0.0,-1.0,0.0
2011-07-02 23:15:01,0.351329,1,0.0,0,0.0,0.0,-1.0,0.0
2011-07-03 00:15:01,0.58755,1,0.0,0,0.0,0.0,-1.0,0.0
2011-07-03 01:15:01,0.667729,1,0.0,0,0.0,0.0,-1.0,0.0
2011-07-03 02:15:01,0.50164,1,0.0,0,0.0,0.0,-1.0,0.0
2011-07-03 03:15:01,0.5591520000000001,1,0.0,0,0.0,0.0,-1.0,0.0
2011-07-03 04:15:01,0.578915,1,0.0,0,0.0,0.0,-1.0,0.0
2011-07-03 05:15:01,0.589795,1,0.0,0,0.0,0.0,-1.0,0.0
2011-07-03 06:15:01,0.593649,1,0.0,0,0.0,0.0,-1.0,0.0
2011-07-03 07:15:01,0.589018,1,0.0,0,0.0,0.0,-1.0,0.0
2011-07-03 08:15:01,0.597904,1,0.0,0,0.0,0.0,-1.0,0.0
2011-07-03 09:15:01,0.564574,1,0.0,0,0.0,0.0,-1.0,0.0
2011-07-03 10:15:01,0.529253,1,0.0,0,0.0,0.0,-1.0,0.0
2011-07-03 11:15:01,0.634317,1,0.0,0,0.0,0.0,-1.0,0.0
2011-07-03 12:15:01,0.930652,1,0.0,0,0.0,0.0,-1.0,0.0
2011-07-03 13:15:01,0.933974,1,0.0,0,0.0,0.0,-1.0,0.0
2011-07-03 14:15:01,0.836944,1,0.0,0,0.0,0.0,-1.0,0.0
2011-07-03 15:15:01,0.655856,1,0.0,0,0.0,0.0,-1.0,0.0
2011-07-03 16:15:01,0.53814,1,0.0,0,0.0,0.0,-1.0,0.0
2011-07-03 17:15:01,0.662495,1,0.0,0,0.0,0.0,-1.0,0.0
2011-07-03 18:15:01,0.634434,1,0.0,0,0.0,0.0,-1.0,0.0
2011-07-03 19:15:01,0.664365,1,0.0,0,0.0,0.0,-1.0,0.0
2011-07-03 20:15:01,0.6101489999999999,1,0.0,0,0.0,0.0,-1.0,0.0
2011-07-03 21:15:01,0.563607,1,0.0,0,0.0,0.0,-1.0,0.0
2011-07-03 22:15:01,0.552721,1,0.0,0,0.0,0.0,-1.0,0.0
2011-07-03 23:15:01,0.41166,1,0.0,0,0.0,0.0,-1.0,0.0
2011-07-04 00:15:01,0.601852,1,0.0,0,0.0,0.0,-1.0,0.0
2011-07-04 01:15:01,0.656724,1,0.0,0,0.0,0.0,-1.0,0.0
2011-07-04 02:15:01,0.6414380000000001,1,0.0,0,0.0,0.0,-1.0,0.0
2011-07-04 03:15:01,0.646636,1,0.0,0,0.0,0.0,-1.0,0.0
2011-07-04 04:15:01,0.5376270000000001,1,0.0,0,0.0,0.0,-1.0,0.0
2011-07-04 05:15:01,0.468754,1,0.0,0,0.0,0.0,-1.0,0.0
2011-07-04 06:15:01,0.48952,1,0.0,0,0.0,0.0,-1.0,0.0
2011-07-04 07:15:01,0.501744,1,0.0,0,0.0,0.0,-1.0,0.0
2011-07-04 08:15:01,0.508513,1,0.0,0,0.0,0.0,-1.0,0.0
2011-07-04 09:15:01,0.508491,1,0.0,0,0.0,0.0,-1.0,0.0
2011-07-04 10:15:01,0.5053449999999999,1,0.0,0,0.0,0.0,-1.0,0.0
2011-07-04 11:15:01,0.639129,1,0.0,0,0.0,0.0,-1.0,0.0
2011-07-04 12:15:01,0.750849,1,0.0,0,0.0,0.0,-1.0,0.0
2011-07-04 13:15:01,0.8852979999999999,1,0.0,0,0.0,0.0,-1.0,0.0
2011-07-04 14:15:01,0.769833,1,0.0,0,0.0,0.0,-1.0,0.0
2011-07-04 15:15:01,0.583843,1,0.0,0,0.0,0.0,-1.0,0.0
2011-07-04 16:15:01,0.664115,1,0.0,0,0.0,0.0,-1.0,0.0
2011-07-04 17:15:01,0.612284,1,0.0,0,0.0,0.0,-1.0,0.0
2011-07-04 18:15:01,0.596136,1,0.0,0,0.0,0.0,-1.0,0.0
2011-07-04 19:15:01,0.6031890000000001,1,0.0,0,0.0,0.0,-1.0,0.0
2011-07-04 20:15:01,0.5106149999999999,1,0.0,0,0.0,0.0,-1.0,0.0
2011-07-04 21:15:01,0.450254,1,0.0,0,0.0,0.0,-1.0,0.0
2011-07-04 22:15:01,0.46566,1,0.0,0,0.0,0.0,-1.0,0.0
2011-07-04 23:15:01,0.339942,1,0.0,0,0.0,0.0,-1.0,0.0
2011-07-05 00:15:01,0.4684,1,0.0,0,0.0,0.0,-1.0,0.0
2011-07-05 01:15:01,0.489842,1,0.0,0,0.0,0.0,-1.0,0.0
2011-07-05 02:15:01,0.430202,1,0.0,0,0.0,0.0,-1.0,0.0
2011-07-05 03:15:01,0.446057,1,0.0,0,0.0,0.0,-1.0,0.0
2011-07-05 04:15:01,0.422698,1,0.0,0,0.0,0.0,-1.0,0.0
2011-07-05 05:15:01,0.389993,1,0.0,0,0.0,0.0,-1.0,0.0
2011-07-05 06:15:01,1.1337,1,0.0,0,0.0,0.0,-1.0,0.0
2011-07-05 07:15:01,0.411383,1,0.0,0,0.0,0.0,-1.0,0.0
2011-07-05 08:15:01,0.408106,1,0.0,0,0.0,0.0,-1.0,0.0
2011-07-05 09:15:01,0.466376,1,0.0,0,0.0,0.0,-1.0,0.0
2011-07-05 10:15:01,0.485293,1,0.0,0,0.0,0.0,-1.0,0.0
2011-07-05 11:15:01,0.638143,1,0.0,0,0.0,0.0,-1.0,0.0
2011-07-05 12:15:01,0.761989,1,0.0,0,0.0,0.0,-1.0,0.0
2011-07-05 13:15:01,0.795519,1,0.0,0,0.0,0.0,-1.0,0.0
2011-07-05 14:15:01,0.669848,1,0.0,0,0.0,0.0,-1.0,0.0
2011-07-05 15:15:01,0.529904,1,0.0,0,0.0,0.0,-1.0,0.0
2011-07-05 16:15:01,0.563733,1,0.0,0,0.0,0.0,-1.0,0.0
2011-07-05 17:15:01,0.590645,1,0.0,0,0.0,0.0,-1.0,0.0
2011-07-05 18:15:01,0.477605,1,0.0,0,0.0,0.0,-1.0,0.0
2011-07-05 19:15:01,0.439971,1,0.0,0,0.0,0.0,-1.0,0.0
2011-07-05 20:15:01,0.4316930000000001,1,0.0,0,0.0,0.0,-1.0,0.0
2011-07-05 21:15:01,0.397023,1,0.0,0,0.0,0.0,-1.0,0.0
2011-07-05 22:15:01,0.386192,1,0.0,0,0.0,0.0,-1.0,0.0
2011-07-05 23:15:01,0.344295,1,0.0,0,0.0,0.0,-1.0,0.0
2011-07-06 00:15:01,0.408991,1,0.0,0,0.0,0.0,-1.0,0.0
2011-07-06 01:15:01,0.4683520000000001,1,0.0,0,0.0,0.0,-1.0,0.0
2011-07-06 02:15:01,0.393314,1,0.0,0,0.0,0.0,-1.0,0.0
2011-07-06 03:15:01,0.394883,1,0.0,0,0.0,0.0,-1.0,0.0
2011-07-06 04:15:01,0.379478,1,0.0,0,0.0,0.0,-1.0,0.0
2011-07-06 05:15:01,0.348072,1,0.0,0,0.0,0.0,-1.0,0.0
2011-07-06 06:15:01,0.381148,1,0.0,0,0.0,0.0,-1.0,0.0
2011-07-06 07:15:01,0.404583,1,0.0,0,0.0,0.0,-1.0,0.0
2011-07-06 08:15:01,0.410102,1,0.0,0,0.0,0.0,-1.0,0.0
2011-07-06 09:15:01,0.470653,1,0.0,0,0.0,0.0,-1.0,0.0
2011-07-06 10:15:01,0.492454,1,0.0,0,0.0,0.0,-1.0,0.0
2011-07-06 11:15:01,0.61915,1,0.0,0,0.0,0.0,-1.0,0.0
2011-07-06 12:15:01,0.7134590000000001,1,0.0,0,0.0,0.0,-1.0,0.0
2011-07-06 13:15:01,0.781097,1,0.0,0,0.0,0.0,-1.0,0.0
2011-07-06 14:15:01,0.658868,1,0.0,0,0.0,0.0,-1.0,0.0
2011-07-06 15:15:01,0.521257,1,0.0,0,0.0,0.0,-1.0,0.0
2011-07-06 16:15:01,0.703074,1,0.0,0,0.0,0.0,-1.0,0.0
2011-07-06 17:15:01,0.644995,1,0.0,0,0.0,0.0,-1.0,0.0
2011-07-06 18:15:01,0.643112,1,0.0,0,0.0,0.0,-1.0,0.0
2011-07-06 19:15:01,0.6105119999999999,1,0.0,0,0.0,0.0,-1.0,0.0
2011-07-06 20:15:01,0.5876939999999999,1,0.0,0,0.0,0.0,-1.0,0.0
2011-07-06 21:15:01,0.574516,1,0.0,0,0.0,0.0,-1.0,0.0
2011-07-06 22:15:01,0.634119,1,0.0,0,0.0,0.0,-1.0,0.0
2011-07-06 23:15:01,0.467128,1,0.0,0,0.0,0.0,-1.0,0.0
2011-07-07 00:15:01,0.664968,1,0.0,0,0.0,0.0,-1.0,0.0
2011-07-07 01:15:01,0.778332,1,0.0,0,0.0,0.0,-1.0,0.0
2011-07-07 02:15:01,0.630253,1,0.0,0,0.0,0.0,-1.0,0.0
2011-07-07 03:15:01,0.68494,1,0.0,0,0.0,0.0,-1.0,0.0
2011-07-07 04:15:01,0.615229,1,0.0,0,0.0,0.0,-1.0,0.0
2011-07-07 05:15:01,0.609863,1,0.0,0,0.0,0.0,-1.0,0.0
2011-07-07 06:15:01,0.582332,1,0.0,0,0.0,0.0,-1.0,0.0
2011-07-07 07:15:01,0.619336,1,0.0,0,0.0,0.0,-1.0,0.0
2011-07-07 08:15:01,0.584159,1,0.0,0,0.0,0.0,-1.0,0.0
2011-07-07 09:15:01,0.577819,1,0.0,0,0.0,0.0,-1.0,0.0
2011-07-07 10:15:01,0.538018,1,0.0,0,0.0,0.0,-1.0,0.0
2011-07-07 11:15:01,0.618317,1,0.0,0,0.0,0.0,-1.0,0.0
2011-07-07 12:15:01,0.728903,1,0.0,0,0.0,0.0,-1.0,0.0
2011-07-07 13:15:01,0.7285689999999999,1,0.0,0,0.0,0.0,-1.0,0.0
2011-07-07 14:15:01,0.637486,1,0.0,0,0.0,0.0,-1.0,0.0
2011-07-07 15:15:01,0.52262,1,0.0,0,0.0,0.0,-1.0,0.0
2011-07-07 16:15:01,0.684366,0,0.816275,0,0.0,1.0,-1.0,0.0
2011-07-07 17:15:01,0.571163,0,1.08799,0,0.0,1.0,-1.0,0.0
2011-07-07 18:15:01,0.5212399999999999,0,1.08804,0,0.0,1.0,-1.0,0.0
2011-07-07 19:15:01,0.464059,0,1.08505,0,1.75748,1.0,-1.0,0.0
2011-07-07 20:15:01,0.485606,0,1.0845200000000002,0,1.84741,1.0,-1.0,0.0
2011-07-07 21:15:01,0.49669,0,1.0845200000000002,0,1.78672,1.0,-1.0,0.0
2011-07-07 22:15:01,0.4160930000000001,0,1.08402,0,1.84408,1.0,-1.0,0.0
2011-07-07 23:15:01,0.373898,0,1.0829,0,2.04697,1.0,-1.0,0.0
2011-07-08 00:15:01,0.477797,0,1.08339,0,2.02535,1.0,-1.0,0.0
2011-07-08 01:15:01,0.470611,0,1.0835,0,1.82299,1.0,-1.0,0.0
2011-07-08 02:15:01,0.454792,0,1.08384,0,1.85426,1.0,-1.0,0.0
2011-07-08 03:15:01,0.461363,0,1.08385,0,1.8799,1.0,-1.0,0.0
2011-07-08 04:15:01,0.437315,0,1.0842,0,1.89149,1.0,-1.0,0.0
2011-07-08 05:15:01,0.433889,0,1.0840299999999998,0,1.94338,1.0,-1.0,0.0
2011-07-08 06:15:01,0.422101,0,1.08419,0,1.96254,1.0,-1.0,0.0
2011-07-08 07:15:01,0.452593,0,1.08567,0,1.95545,1.0,-1.0,0.0
2011-07-08 08:15:01,0.489483,0,1.08601,0,1.85939,1.0,-1.0,0.0
2011-07-08 09:15:01,0.46653,0,1.08686,0,1.81187,1.0,-1.0,0.0
2011-07-08 10:15:01,0.48368,0,1.08771,0,1.84215,1.0,-1.0,0.0
2011-07-08 11:15:01,0.576037,0,1.08964,0,1.71803,1.0,-1.0,0.0
2011-07-08 12:15:01,0.7029270000000001,0,1.09373,0,1.41006,1.0,-1.0,0.0
2011-07-08 13:15:01,0.764566,0,1.09601,0,1.10258,1.0,-1.0,0.0
2011-07-08 14:15:01,0.644235,0,1.09543,0,1.1101,1.0,-1.0,0.0
2011-07-08 15:15:01,0.5391859999999999,0,1.09368,0,1.4598,1.0,-1.0,0.0
2011-07-08 16:15:01,0.671655,0,1.09417,0,1.53451,1.0,-1.0,0.0
2011-07-08 17:15:01,0.676851,0,1.09524,0,1.26137,1.0,-1.0,0.0
2011-07-08 18:15:01,0.6336109999999999,0,1.0948,0,1.29627,1.0,-1.0,0.0
2011-07-08 19:15:01,0.597647,0,1.09228,0,1.4204,1.0,-1.0,0.0
2011-07-08 20:15:01,0.623571,0,1.0914700000000002,0,1.46302,1.0,-1.0,0.0
2011-07-08 21:15:01,0.62815,0,1.09103,0,1.40073,1.0,-1.0,0.0
2011-07-08 22:15:01,0.607878,0,1.09117,0,1.40979,1.0,-1.0,0.0
2011-07-08 23:15:01,0.420242,0,1.08845,0,1.63722,1.0,-1.0,0.0
2011-07-09 00:15:01,0.533315,0,1.08761,0,1.897,1.0,-1.0,0.0
2011-07-09 01:15:01,0.554741,0,1.08682,0,1.64314,1.0,-1.0,0.0
2011-07-09 02:15:01,0.668349,0,1.08845,0,1.4842,1.0,-1.0,0.0
2011-07-09 03:15:01,0.51835,0,1.08644,0,1.40705,1.0,-1.0,0.0
2011-07-09 04:15:01,0.41865,0,1.08499,0,1.80799,1.0,-1.0,0.0
2011-07-09 05:15:01,0.547589,0,1.08483,0,1.87297,1.0,-1.0,0.0
2011-07-09 06:15:01,0.387867,0,1.08384,0,1.7717599999999998,1.0,-1.0,0.0
2011-07-09 07:15:01,0.264377,0,1.08205,0,2.21338,1.0,-1.0,0.0
2011-07-09 08:15:01,0.337571,0,1.08039,0,2.3834,1.0,-1.0,0.0
2011-07-09 09:15:01,0.321587,0,1.07977,0,2.24776,1.0,-1.0,0.0
2011-07-09 10:15:01,0.327052,0,1.07957,0,2.27033,1.0,-1.0,0.0
2011-07-09 11:15:01,0.4761510000000001,0,1.08151,0,2.10887,1.0,-1.0,0.0
2011-07-09 12:15:01,0.600727,0,1.0859,0,1.68763,1.0,-1.0,0.0
2011-07-09 13:15:01,0.662566,0,1.08909,0,1.3849,1.0,-1.0,0.0
2011-07-09 14:15:01,0.642356,0,1.09057,0,1.29341,1.0,-1.0,0.0
2011-07-09 15:15:01,0.5440520000000001,0,1.09115,0,1.43999,1.0,-1.0,0.0
2011-07-09 16:15:01,0.386463,0,1.08869,0,1.79772,1.0,-1.0,0.0
2011-07-09 17:15:01,0.33293,0,1.08765,0,2.16513,1.0,-1.0,0.0
2011-07-09 18:15:01,0.427743,0,1.08746,0,2.17143,1.0,-1.0,0.0
2011-07-09 19:15:01,0.509973,0,1.0882,0,1.89729,1.0,-1.0,0.0
2011-07-09 20:15:01,0.355785,0,1.08654,0,1.88739,1.0,-1.0,0.0
2011-07-09 21:15:01,0.47213,0,1.08586,0,2.07925,1.0,-1.0,0.0
2011-07-09 22:15:01,0.544299,0,1.08825,0,1.7703799999999998,1.0,-1.0,0.0
2011-07-09 23:15:01,0.302686,0,1.08789,0,1.86868,1.0,-1.0,0.0
2011-07-10 00:15:01,0.575018,0,1.09014,0,2.08399,1.0,-1.0,0.0
2011-07-10 01:15:01,0.750416,0,1.09385,0,1.3654700000000002,1.0,-1.0,0.0
2011-07-10 02:15:01,0.536632,0,1.09296,0,1.2366700000000002,1.0,-1.0,0.0
2011-07-10 03:15:01,0.5190229999999999,0,1.08975,0,1.68837,1.0,-1.0,0.0
2011-07-10 04:15:01,0.532838,0,1.0894700000000002,0,1.7047900000000002,1.0,-1.0,0.0
2011-07-10 05:15:01,0.48366,0,1.08997,0,1.71964,1.0,-1.0,0.0
2011-07-10 06:15:01,0.476442,0,1.0894,0,1.82514,1.0,-1.0,0.0
2011-07-10 07:15:01,0.430172,0,1.08834,0,1.88628,1.0,-1.0,0.0
2011-07-10 08:15:01,0.370468,0,1.08576,0,2.03633,1.0,-1.0,0.0
2011-07-10 09:15:01,0.327747,0,1.08379,0,2.19375,1.0,-1.0,0.0
2011-07-10 10:15:01,0.345799,0,1.08389,0,2.25402,1.0,-1.0,0.0
2011-07-10 11:15:01,0.458294,0,1.08492,0,2.10157,1.0,-1.0,0.0
2011-07-10 12:15:01,0.5970310000000001,0,1.08931,0,1.73908,1.0,-1.0,0.0
2011-07-10 13:15:01,0.717708,0,1.09202,0,1.34739,1.0,-1.0,0.0
2011-07-10 14:15:01,0.6288239999999999,0,1.0903,0,1.2064,1.0,-1.0,0.0
2011-07-10 15:15:01,0.588384,0,1.09199,0,1.4283,1.0,-1.0,0.0
2011-07-10 16:15:01,0.43137,0,1.08973,0,1.66444,1.0,-1.0,0.0
2011-07-10 17:15:01,0.345467,0,1.08713,0,2.0655,1.0,-1.0,0.0
2011-07-10 18:15:01,0.374479,0,1.08706,0,2.20118,1.0,-1.0,0.0
2011-07-10 19:15:01,0.467618,0,1.08695,0,2.04474,1.0,-1.0,0.0
2011-07-10 20:15:01,0.42353,0,1.08502,0,1.90231,1.0,-1.0,0.0
2011-07-10 21:15:01,0.5409930000000001,0,1.08687,0,1.87087,1.0,-1.0,0.0
2011-07-10 22:15:01,0.457628,0,1.08668,0,1.7172900000000002,1.0,-1.0,0.0
2011-07-10 23:15:01,0.29712,0,1.08546,0,2.0480400000000003,1.0,-1.0,0.0
2011-07-11 00:15:01,2.58637,0,1.10749,0,3.08003,1.0,-1.0,0.0
2011-07-11 01:15:01,0.989893,0,1.10259,0,3.11941,1.0,-1.0,0.0
2011-07-11 03:15:01,0.5633279999999999,0,1.09762,0,0.774467,1.0,-1.0,0.0
2011-07-11 04:15:01,0.476728,0,1.08713,0,1.6994200000000002,1.0,-1.0,0.0
2011-07-11 05:15:01,0.413036,0,1.09084,0,1.91588,1.0,-1.0,0.0
2011-07-11 06:15:01,0.338346,0,1.0867,0,2.10067,1.0,-1.0,0.0
2011-07-11 07:15:01,0.313968,0,1.08468,0,2.27772,0.0,6.23882,0.0
2011-07-11 08:15:01,0.23606,0,1.07853,0,2.3940900000000003,0.0,6.23882,0.0
2011-07-11 09:15:01,0.232183,0,1.073,0,2.54359,0.0,6.23882,0.0
2011-07-11 10:15:01,0.25149,0,1.07392,0,2.5142,0.0,6.23882,0.0
2011-07-11 11:15:01,0.45567,0,1.07991,0,2.26126,0.0,6.23882,0.0
2011-07-11 12:15:01,0.664009,0,1.08318,0,1.6524,0.0,6.23882,0.0
2011-07-11 13:15:01,0.615422,0,1.08664,0,1.29955,0.0,6.23882,0.0
2011-07-11 14:15:01,0.539525,0,1.08089,0,1.48262,0.0,6.23882,0.0
2011-07-11 15:15:01,0.550953,0,1.08014,0,1.62416,0.0,6.23882,0.0
2011-07-11 16:15:01,0.401199,0,1.08538,0,1.7388099999999995,0.0,6.23882,0.0
2011-07-11 17:15:01,0.543892,0,1.08123,0,1.89937,0.0,6.23882,0.0
2011-07-11 18:15:01,0.5644,0,1.08499,0,1.59981,0.0,6.23882,0.0
2011-07-11 19:15:01,0.577012,0,1.08714,0,1.54164,0.0,6.23882,0.0
2011-07-11 20:15:01,0.495537,0,1.08289,0,1.60756,0.0,6.23882,0.0
2011-07-11 21:15:01,0.544463,0,1.08969,0,1.7216200000000002,0.0,6.23882,0.0
2011-07-11 22:15:01,0.5663699999999999,0,1.09282,0,1.60016,0.0,6.23882,0.0
2011-07-11 23:15:01,0.332204,0,1.09051,0,1.80725,0.0,6.23882,0.0
2011-07-12 00:15:01,0.5597989999999999,0,1.09182,0,2.05193,0.0,6.23882,0.0
2011-07-12 01:15:01,0.79094,0,1.09399,0,1.36229,0.0,6.23882,0.0
2011-07-12 02:15:01,0.601759,0,1.0930799999999998,0,1.09399,0.0,6.23882,0.0
2011-07-12 03:15:01,0.5199189999999999,0,1.09043,0,1.5576299999999998,0.0,6.23882,0.0
2011-07-12 04:15:01,0.481757,0,1.08799,0,1.75498,0.0,6.23882,0.0
2011-07-12 05:15:01,0.494391,0,1.08893,0,1.81094,0.0,6.23882,0.0
2011-07-12 06:15:01,0.402106,0,1.08728,0,1.87402,0.0,6.23882,0.0
2011-07-12 07:15:01,0.390801,0,1.08543,0,2.07012,0.0,6.23882,0.0
2011-07-12 08:15:01,0.360381,0,1.08357,0,2.1180000000000003,0.0,6.23882,0.0
2011-07-12 09:15:01,0.318917,0,1.08128,0,2.21476,0.0,6.23882,0.0
2011-07-12 10:15:01,0.329416,0,1.08081,0,2.28117,0.0,6.23882,0.0
2011-07-12 11:15:01,0.435181,0,1.0828,0,2.14936,0.0,6.23882,0.0
2011-07-12 12:15:01,0.598755,0,1.08715,0,1.77531,0.0,6.23882,0.0
2011-07-12 13:15:01,0.638178,0,1.08963,0,1.41706,0.0,6.23882,0.0
2011-07-12 14:15:01,0.565587,0,1.08837,0,1.42198,0.0,6.23882,0.0
2011-07-12 15:15:01,0.516295,0,1.08925,0,1.62017,0.0,6.23882,0.0
2011-07-12 16:15:01,0.392102,0,1.08796,0,1.84131,0.0,6.23882,0.0
2011-07-12 17:15:01,0.327421,0,1.08587,0,2.15484,0.0,6.23882,0.0
2011-07-12 18:15:01,0.49322,0,1.08817,0,2.1137200000000003,0.0,6.23882,0.0
2011-07-12 20:15:01,0.409999,0,1.0868799999999998,0,1.86347,0.0,6.23882,0.0
2011-07-12 21:15:01,0.284992,0,1.08348,0,2.15823,0.0,6.23882,0.0
2011-07-12 22:15:01,0.330568,0,1.08215,0,2.35668,0.0,6.23882,0.0
2011-07-12 23:15:01,0.278553,0,1.08259,0,2.3094200000000003,0.0,6.23882,0.0
2011-07-13 00:15:01,0.207567,0,1.08182,0,2.48221,0.0,6.23882,0.0
2011-07-13 01:15:01,0.231124,0,1.0809,0,2.60073,0.0,6.23882,0.0
2011-07-13 02:15:01,0.238758,0,1.08004,0,2.54352,0.0,6.23882,0.0
2011-07-13 03:15:01,0.240014,0,1.07848,0,2.5243,0.0,6.23882,0.0
2011-07-13 04:15:01,0.251465,0,1.07828,0,2.50705,0.0,6.23882,0.0
2011-07-13 05:15:01,0.201623,0,1.07781,0,2.53068,0.0,6.23882,0.0
2011-07-13 06:15:01,0.201254,0,1.07792,0,2.62986,0.0,6.23882,0.0
2011-07-13 07:15:01,0.216521,0,1.0792700000000002,0,2.61451,0.0,6.23882,0.0
2011-07-13 08:15:01,0.23642600000000005,0,1.07986,0,2.56565,0.0,6.23882,0.0
2011-07-13 09:15:01,0.266836,0,1.08099,0,2.49872,0.0,6.23882,0.0
2011-07-13 10:15:01,0.334192,0,1.08525,0,2.37285,0.0,6.23882,0.0
2011-07-13 11:15:01,0.464275,0,1.08963,0,2.11457,0.0,6.23882,0.0
2011-07-13 12:15:01,0.5819880000000001,0,1.09598,0,1.7495900000000002,0.0,6.23882,0.0
2011-07-13 13:15:01,0.586533,0,1.1006,0,1.52473,0.0,6.23882,0.0
2011-07-13 14:15:01,0.541995,0,1.10047,0,1.5775,0.0,6.23882,0.0
2011-07-13 15:15:01,0.465542,0,1.09985,0,1.7521400000000005,0.0,6.23882,0.0
2011-07-13 16:15:01,0.362538,0,1.0982,0,2.00716,0.0,6.23882,0.0
2011-07-13 17:15:01,0.325497,0,1.09513,0,2.24732,0.0,6.23882,0.0
2011-07-13 18:15:01,0.284527,0,1.09204,0,2.35601,0.0,6.23882,0.0
2011-07-13 19:15:01,0.282179,0,1.08935,0,2.43106,0.0,6.23882,0.0
2011-07-13 20:15:01,0.266194,0,1.08591,0,2.44287,0.0,6.23882,0.0
2011-07-13 21:15:01,0.25133,0,1.08421,0,2.48089,0.0,6.23882,0.0
2011-07-13 22:15:01,0.245867,0,1.08322,0,2.5075,0.0,6.23882,0.0
2011-07-13 23:15:01,0.240692,0,1.0828,0,2.51921,0.0,6.23882,0.0
2011-07-14 00:15:01,0.338271,0,1.08458,0,2.42959,0.0,6.23882,0.0
2011-07-14 01:15:01,0.266575,0,1.08311,0,2.30707,0.0,6.23882,0.0
2011-07-14 02:15:01,0.309224,0,1.08329,0,2.4099,0.0,6.23882,0.0
2011-07-14 03:15:01,0.29601,0,1.08249,0,2.33506,0.0,6.23882,0.0
2011-07-14 04:15:01,0.247982,0,1.0822,0,2.40908,0.0,6.23882,0.0
2011-07-14 05:15:01,0.213128,0,1.08131,0,2.53809,0.0,6.23882,0.0
2011-07-14 06:15:01,0.200776,0,1.08113,0,2.6186700000000003,0.0,6.23882,0.0
2011-07-14 07:15:01,0.20915300000000006,0,1.0811,0,2.6330400000000003,0.0,6.23882,0.0
2011-07-14 08:15:01,0.238646,0,1.08219,0,2.58641,0.0,6.23882,0.0
2011-07-14 09:15:01,0.261616,0,1.08365,0,2.50549,0.0,6.23882,0.0
2011-07-14 10:15:01,0.304906,0,1.08641,0,2.41989,0.0,6.23882,0.0
2011-07-14 11:15:01,0.445144,0,1.09196,0,2.1987400000000004,0.0,6.23882,0.0
2011-07-14 12:15:01,0.535866,0,1.09766,0,1.83861,0.0,6.23882,0.0
2011-07-14 13:15:01,0.567719,0,1.10067,0,1.64212,0.0,6.23882,0.0
2011-07-14 14:15:01,0.5408970000000001,0,1.10107,0,1.61965,0.0,6.23882,0.0
2011-07-14 15:15:01,0.477773,0,1.10039,0,1.74283,0.0,6.23882,0.0
2011-07-14 16:15:01,0.381394,0,1.09706,0,1.96559,0.0,6.23882,0.0
2011-07-14 17:15:01,0.359206,0,1.09563,0,2.17585,0.0,6.23882,0.0
2011-07-14 18:15:01,0.34457600000000005,0,1.09348,0,2.22677,0.0,6.23882,0.0
2011-07-14 19:15:01,0.392948,0,1.09215,0,2.20264,0.0,6.23882,0.0
2011-07-14 20:15:01,0.341597,0,1.08985,0,2.15162,0.0,6.23882,0.0
2011-07-14 21:15:01,0.30078,0,1.08757,0,2.29018,0.0,6.23882,0.0
2011-07-14 22:15:01,0.33642,0,1.08703,0,2.32928,0.0,6.23882,0.0
2011-07-14 23:15:01,0.305141,0,1.087,0,2.28419,0.0,6.23882,0.0
2011-07-15 00:15:01,0.448937,0,1.08936,0,2.20185,0.0,6.23882,0.0
2011-07-15 01:15:01,0.358118,0,1.08758,0,2.00737,0.0,6.23882,0.0
2011-07-15 02:15:01,0.94656,0,1.09714,0,1.50097,0.0,6.23882,0.0
2011-07-15 03:15:01,0.278022,0,1.08899,0,1.10116,0.0,6.23882,0.0
2011-07-15 04:15:01,0.193992,0,1.08586,0,2.53324,0.0,6.23882,0.0
2011-07-15 05:15:01,0.209616,0,1.0809799999999998,0,2.66625,0.0,6.23882,0.0
2011-07-15 06:15:01,0.218808,0,1.0841,0,2.6146700000000003,0.0,6.23882,0.0
2011-07-15 07:15:01,0.27318400000000004,0,1.0826,0,2.53527,0.0,6.23882,0.0
2011-07-15 08:15:01,0.25726,0,1.08153,0,2.44718,0.0,6.23882,0.0
2011-07-15 09:15:01,0.28715300000000005,0,1.08,0,2.44505,0.0,6.23882,0.0
2011-07-15 10:15:01,0.313525,0,1.08043,0,2.35523,0.0,6.23882,0.0
2011-07-15 11:15:01,0.370568,0,1.0846,0,2.24282,0.0,6.23882,0.0
2011-07-15 12:15:01,0.410107,0,1.08944,0,2.09422,0.0,6.23882,0.0
2011-07-15 13:15:01,0.451242,0,1.09084,1,1.98718,0.0,6.23882,0.0
2011-07-15 14:15:01,0.417342,0,1.09092,1,1.94989,0.0,6.23882,0.0
2011-07-15 15:15:01,0.38329,0,1.08816,1,2.05461,0.0,6.23882,0.0
2011-07-15 16:15:01,0.386446,0,1.0878,1,2.11696,0.0,6.23882,0.0
2011-07-15 17:15:01,0.35873,0,1.0912,1,2.1325,0.0,6.23882,0.0
2011-07-15 18:15:01,0.41124,0,1.08866,1,2.1381,0.0,6.23882,0.0
2011-07-15 19:15:01,0.441354,0,1.09128,1,2.00722,0.0,6.23882,0.0
2011-07-15 20:15:01,0.466218,0,1.0927,1,1.91968,0.0,6.23882,0.0
2011-07-15 21:15:01,0.34075500000000003,0,1.08868,1,2.00208,0.0,6.23882,0.0
2011-07-15 22:15:01,0.391369,0,1.09212,1,2.20121,0.0,6.23882,0.0
2011-07-15 23:15:01,0.380499,0,1.0914,1,2.10625,0.0,6.23882,0.0
2011-07-16 00:15:01,0.464595,0,1.09317,1,2.05004,0.0,6.23882,0.0
2011-07-16 01:15:01,0.507827,0,1.09314,1,1.83896,0.0,6.23882,0.0
2011-07-16 02:15:01,0.506791,0,1.09295,1,1.7570400000000002,0.0,6.23882,0.0
2011-07-16 03:15:01,0.468097,0,1.09146,1,1.79755,0.0,6.23882,0.0
2011-07-16 04:15:01,0.329348,0,1.08893,1,2.01182,0.0,6.23882,0.0
2011-07-16 05:15:01,0.332247,0,1.08784,1,2.2809,0.0,6.23882,0.0
2011-07-16 06:15:01,0.405727,0,1.0886,1,2.1954700000000003,0.0,6.23882,0.0
2011-07-16 07:15:01,0.418033,0,1.08897,1,2.03479,0.0,6.23882,0.0
2011-07-16 08:15:01,0.448435,0,1.08837,1,1.98167,0.0,6.23882,0.0
2011-07-16 09:15:01,8.414639999999999,0,1.11346,1,8.607339999999999,0.0,6.23882,1.0
2011-07-16 10:15:01,0.258194,0,1.09707,1,15.5078,0.0,6.23882,1.0
2011-07-16 11:15:01,0.653892,0,1.09352,1,2.13689,0.0,6.23882,0.0
2011-07-16 12:15:01,0.6691630000000001,0,1.08208,1,1.31072,0.0,6.23882,0.0
2011-07-16 13:15:01,0.698539,0,1.0924,1,1.23226,0.0,6.23882,0.0
2011-07-16 14:15:01,10.4528,0,1.10965,1,10.1275,0.0,6.23882,1.0
2011-07-16 15:15:01,0.470929,0,1.09577,1,19.3595,0.0,6.23882,1.0
2011-07-16 16:15:01,0.688609,0,1.08765,1,1.6846,0.0,6.23882,0.0
2011-07-16 17:15:01,0.5706869999999999,0,1.07519,1,1.33128,0.0,6.23882,0.0
2011-07-16 18:15:01,0.601529,0,1.08525,1,1.5076,0.0,6.23882,0.0
2011-07-16 19:15:01,0.716809,0,1.0833700000000002,1,1.31577,0.0,6.23882,0.0
2011-07-16 20:15:01,0.683617,0,1.081,1,1.13663,0.0,6.23882,0.0
2011-07-16 21:15:01,0.584994,0,1.07599,1,1.2955,0.0,6.23882,0.0
2011-07-16 22:15:01,0.5936560000000001,0,1.06716,1,1.47435,0.0,6.23882,0.0
2011-07-16 23:15:01,0.56376,0,1.07071,1,1.4680799999999998,0.0,6.23882,0.0
2011-07-17 00:15:01,0.5372680000000001,0,1.0793700000000002,1,1.54025,0.0,6.23882,0.0
2011-07-17 01:15:01,0.572434,0,1.0723,1,1.57382,0.0,6.23882,0.0
2011-07-17 02:15:01,0.543427,0,1.0778299999999998,1,1.54273,0.0,6.23882,0.0
2011-07-17 03:15:01,0.482264,0,1.0717,1,1.6533099999999998,0.0,6.23882,0.0
2011-07-17 04:15:01,0.383527,0,1.06941,1,1.87931,0.0,6.23882,0.0
2011-07-17 05:15:01,0.349501,0,1.07794,1,2.09626,0.0,6.23882,0.0
2011-07-17 06:15:01,0.299825,0,1.06841,0,2.21793,0.0,6.23882,0.0
2011-07-17 07:15:01,0.316484,0,1.07545,0,2.3081400000000003,0.0,6.23882,0.0
2011-07-17 08:15:01,0.334175,0,1.0764200000000002,0,2.24512,0.0,6.23882,0.0
2011-07-17 09:15:01,0.460945,0,1.07303,0,2.09802,0.0,6.23882,0.0
2011-07-17 10:15:01,0.566813,0,1.08428,0,1.7371599999999998,0.0,6.23882,0.0
2011-07-17 11:15:01,0.562964,0,1.08577,0,1.53375,0.0,6.23882,0.0
2011-07-17 12:15:01,0.644147,0,1.08875,0,1.48426,0.0,6.23882,0.0
2011-07-17 13:15:01,0.721187,0,1.09217,0,1.25081,0.0,6.23882,0.0
2011-07-17 14:15:01,0.7095060000000001,0,1.09383,0,1.1178,0.0,6.23882,0.0
2011-07-17 15:15:01,0.633966,0,1.09386,0,1.2252,0.0,6.23882,0.0
2011-07-17 16:15:01,0.919051,0,1.09777,0,1.09455,0.0,6.23882,0.0
2011-07-17 17:15:01,0.436799,0,1.09297,0,1.0106,0.0,6.23882,0.0
2011-07-17 18:15:01,0.529542,0,1.09231,0,1.88538,0.0,6.23882,0.0
2011-07-17 19:15:01,0.5091680000000001,0,1.08994,0,1.71,0.0,6.23882,0.0
2011-07-17 20:15:01,0.4439,0,1.09034,0,1.81231,0.0,6.23882,0.0
2011-07-17 21:15:01,0.438537,0,1.08745,0,1.94388,0.0,6.23882,0.0
2011-07-17 22:15:01,0.42724,0,1.08649,0,1.96383,0.0,6.23882,0.0
2011-07-17 23:15:01,0.408486,0,1.08457,0,1.99843,0.0,6.23882,0.0
2011-07-18 00:15:01,0.394103,0,1.08341,0,2.04648,0.0,6.23882,0.0
2011-07-18 01:15:01,0.387002,0,1.08321,0,2.07734,0.0,6.23882,0.0
2011-07-18 02:15:01,0.394295,0,1.08273,0,2.08174,0.0,6.23882,0.0
2011-07-18 03:15:01,0.3845,0,1.08196,0,2.07606,0.0,6.23882,0.0
2011-07-18 04:15:01,0.359557,0,1.08176,0,2.1188700000000003,0.0,6.23882,0.0
2011-07-18 05:15:01,0.327875,0,1.07968,0,2.19869,0.0,6.23882,0.0
2011-07-18 06:15:01,0.256625,0,1.07904,0,2.33084,0.0,6.23882,0.0
2011-07-18 07:15:01,0.25608800000000004,0,1.07987,0,2.46907,0.0,6.23882,0.0
2011-07-18 08:15:01,0.259837,0,1.07775,0,2.46593,0.0,6.23882,0.0
2011-07-18 09:15:01,0.384016,0,1.082,0,2.3338,0.0,6.23882,0.0
2011-07-18 10:15:01,0.436213,0,1.08416,0,2.03325,0.0,6.23882,0.0
2011-07-18 11:15:01,0.524421,0,1.08671,0,1.85132,0.0,6.23882,0.0
2011-07-18 12:15:01,0.5936020000000001,0,1.09185,0,1.61258,0.0,6.23882,0.0
2011-07-18 13:15:01,0.592774,0,1.09421,0,1.48528,0.0,6.23882,0.0
2011-07-18 14:15:01,0.571871,0,1.09564,0,1.5204799999999998,0.0,6.23882,0.0
2011-07-18 15:15:01,0.553453,0,1.09637,0,1.58687,0.0,6.23882,0.0
2011-07-18 16:15:01,0.53886,0,1.09611,0,1.64189,0.0,6.23882,0.0
2011-07-18 17:15:01,0.47817,0,1.09447,0,1.73297,0.0,6.23882,0.0
2011-07-18 18:15:01,0.52285,0,1.09383,0,1.80751,0.0,6.23882,0.0
2011-07-18 19:15:01,0.495303,0,1.09282,0,1.74177,0.0,6.23882,0.0
2011-07-18 20:15:01,0.468976,0,1.09187,0,1.8209,0.0,6.23882,0.0
2011-07-18 21:15:01,0.371271,0,1.08921,0,1.96828,0.0,6.23882,0.0
2011-07-18 22:15:01,0.411913,0,1.08872,0,2.11849,0.0,6.23882,0.0
2011-07-18 23:15:01,0.363459,0,1.08687,0,2.07985,0.0,6.23882,0.0
2011-07-19 00:15:01,0.367292,0,1.08625,0,2.1701,0.0,6.23882,0.0
2011-07-19 01:15:01,0.344082,0,1.08398,0,2.18132,0.0,6.23882,0.0
2011-07-19 02:15:01,0.296078,0,1.08224,0,2.27223,0.0,6.23882,0.0
2011-07-19 03:15:01,0.296388,0,1.08097,0,2.36165,0.0,6.23882,0.0
2011-07-19 04:15:01,0.262861,0,1.07992,0,2.3898200000000003,0.0,6.23882,0.0
2011-07-19 05:15:01,0.209226,0,1.07873,0,2.50692,0.0,6.23882,0.0
2011-07-19 06:15:01,0.241878,0,1.0786,0,2.57824,0.0,6.23882,0.0
2011-07-19 07:15:01,0.255726,0,1.07869,0,2.49657,0.0,6.23882,0.0
2011-07-19 08:15:01,0.297722,0,1.07984,0,2.42672,0.0,6.23882,0.0
2011-07-19 09:15:01,0.445927,0,1.08386,0,2.19584,0.0,6.23882,0.0
2011-07-19 10:15:01,0.5101289999999999,0,1.0881,0,1.84155,0.0,6.23882,0.0
2011-07-19 11:15:01,0.600258,0,1.09254,0,1.6353,0.0,6.23882,0.0
2011-07-19 12:15:01,0.6183029999999999,0,1.09538,0,1.44992,0.0,6.23882,0.0
2011-07-19 13:15:01,0.659313,0,1.09867,0,1.38455,0.0,6.23882,0.0
2011-07-19 14:15:01,0.589175,0,1.09864,0,1.38162,0.0,6.23882,0.0
2011-07-19 15:15:01,0.5353359999999999,0,1.09845,0,1.58229,0.0,6.23882,0.0
2011-07-19 16:15:01,1.49276,0,1.10872,0,1.52091,0.0,6.23882,0.0
2011-07-19 17:15:01,0.4174810000000001,0,1.09944,0,1.47987,0.0,6.23882,0.0
2011-07-19 18:15:01,0.443884,0,1.0963,0,2.03805,0.0,6.23882,0.0
2011-07-19 19:15:01,0.338466,0,1.08792,0,2.06895,0.0,6.23882,0.0
2011-07-19 20:15:01,0.39387,0,1.09155,0,2.20972,0.0,6.23882,0.0
2011-07-19 21:15:01,0.331547,0,1.08702,0,2.14811,0.0,6.23882,0.0
2011-07-19 22:15:01,0.339658,0,1.08538,0,2.26737,0.0,6.23882,0.0
2011-07-19 23:15:01,0.36887,0,1.08146,0,2.21122,0.0,6.23882,0.0
2011-07-20 00:15:01,0.328353,0,1.07896,0,2.1861200000000003,0.0,6.23882,0.0
2011-07-20 01:15:01,0.399083,0,1.08052,0,2.1861,0.0,6.23882,0.0
2011-07-20 02:15:01,0.291145,0,1.08122,0,2.14914,0.0,6.23882,0.0
2011-07-20 03:15:01,0.270822,0,1.07987,0,2.3891400000000003,0.0,6.23882,0.0
2011-07-20 04:15:01,0.249957,0,1.07942,0,2.4507,0.0,6.23882,0.0
2011-07-20 05:15:01,0.208295,0,1.07505,0,2.53094,0.0,6.23882,0.0
2011-07-20 06:15:01,0.216723,0,1.075,0,2.6005700000000003,0.0,6.23882,0.0
2011-07-20 07:15:01,0.245887,0,1.07889,0,2.54577,0.0,6.23882,0.0
2011-07-20 08:15:01,0.277297,0,1.07551,0,2.45981,0.0,6.23882,0.0
2011-07-20 09:15:01,0.371444,0,1.08149,0,2.30725,0.0,6.23882,0.0
2011-07-20 10:15:01,0.453532,0,1.08502,0,2.03608,0.0,6.23882,0.0
2011-07-20 11:15:01,0.506517,0,1.08679,0,1.83441,0.0,6.23882,0.0
2011-07-20 12:15:01,0.547614,0,1.09514,0,1.69618,0.0,6.23882,0.0
2011-07-20 13:15:01,0.5213869999999999,0,1.09687,0,1.6521099999999995,0.0,6.23882,0.0
2011-07-20 14:15:01,0.488467,0,1.09719,0,1.75591,0.0,6.23882,0.0
2011-07-20 15:15:01,0.511313,0,1.0971,0,1.80268,0.0,6.23882,0.0
2011-07-20 16:15:01,0.492561,0,1.09751,0,1.77629,0.0,6.23882,0.0
2011-07-20 17:15:01,0.47935,0,1.09588,0,1.82724,0.0,6.23882,0.0
2011-07-20 18:15:01,0.488602,0,1.09511,0,1.84359,0.0,6.23882,0.0
2011-07-20 19:15:01,0.570127,0,1.09606,0,1.73954,0.0,6.23882,0.0
2011-07-20 20:15:01,0.439956,0,1.09355,0,1.70606,0.0,6.23882,0.0
2011-07-20 21:15:01,0.270463,0,1.08974,0,2.1353,0.0,6.23882,0.0
2011-07-20 22:15:01,0.366587,0,1.08835,0,2.36933,0.0,6.23882,0.0
2011-07-20 23:15:01,0.350878,0,1.08718,0,2.18378,0.0,6.23882,0.0
2011-07-21 00:15:01,0.303625,0,1.08549,0,2.25849,0.0,6.23882,0.0
2011-07-21 01:15:01,0.319117,0,1.08309,0,2.33348,0.0,6.23882,0.0
2011-07-21 02:15:01,0.275382,0,1.08113,0,2.34045,0.0,6.23882,0.0
2011-07-21 03:15:01,0.268326,0,1.08027,0,2.42822,0.0,6.23882,0.0
2011-07-21 04:15:01,0.25183,0,1.07972,0,2.45405,0.0,6.23882,0.0
2011-07-21 05:15:01,0.210278,0,1.07945,0,2.52632,0.0,6.23882,0.0
2011-07-21 06:15:01,0.208724,0,1.07869,0,2.60962,0.0,6.23882,0.0
2011-07-21 07:15:01,0.214822,0,1.07807,0,2.60532,0.0,6.23882,0.0
2011-07-21 08:15:01,0.223234,0,1.07807,0,2.58258,0.0,6.23882,0.0
2011-07-21 09:15:01,0.264764,0,1.07932,0,2.52298,0.0,6.23882,0.0
2011-07-21 10:15:01,0.336645,0,1.08317,0,2.36928,0.0,6.23882,0.0
2011-07-21 11:15:01,0.424834,0,1.08673,0,2.14368,0.0,6.23882,0.0
2011-07-21 12:15:01,0.465717,0,1.09016,0,1.93768,0.0,6.23882,0.0
2011-07-21 13:15:01,0.484599,0,1.09418,0,1.8476,0.0,6.23882,0.0
2011-07-21 14:15:01,0.4552,0,1.0947,0,1.85011,0.0,6.23882,0.0
2011-07-21 15:15:01,0.439075,0,1.09615,0,1.93358,0.0,6.23882,0.0
2011-07-21 16:15:01,0.424597,0,1.09705,0,1.9828,0.0,6.23882,0.0
2011-07-21 17:15:01,0.372789,0,1.0949799999999998,0,2.06736,0.0,6.23882,0.0
2011-07-21 18:15:01,0.383294,0,1.09406,0,2.1602,0.0,6.23882,0.0
2011-07-21 19:15:01,0.35330500000000004,0,1.09231,0,2.16413,0.0,6.23882,0.0
2011-07-21 20:15:01,0.350036,0,1.0909799999999998,0,2.22379,0.0,6.23882,0.0
2011-07-21 21:15:01,0.29226,0,1.08892,0,2.28327,0.0,6.23882,0.0
2011-07-21 22:15:01,0.339306,0,1.0889,0,2.34706,0.0,6.23882,0.0
2011-07-21 23:15:01,0.35676,0,1.08855,0,2.23137,0.0,6.23882,0.0
2011-07-22 00:15:01,0.33150100000000005,0,1.08786,0,2.22133,0.0,6.23882,0.0
2011-07-22 01:15:01,0.298604,0,1.08586,0,2.30336,0.0,6.23882,0.0
2011-07-22 02:15:01,0.284487,0,1.08447,0,2.37989,0.0,6.23882,0.0
2011-07-22 03:15:01,0.24894,0,1.08295,0,2.43826,0.0,6.23882,0.0
2011-07-22 04:15:01,0.247994,0,1.08241,0,2.50601,0.0,6.23882,0.0
2011-07-22 05:15:01,0.218874,0,1.08112,0,2.53344,0.0,6.23882,0.0
2011-07-22 06:15:01,0.218144,0,1.08061,0,2.59004,0.0,6.23882,0.0
2011-07-22 07:15:01,0.215317,0,1.07991,0,2.59124,0.0,6.23882,0.0
2011-07-22 08:15:01,0.247312,0,1.08089,0,2.56319,0.0,6.23882,0.0
2011-07-22 09:15:01,0.28980500000000003,0,1.08305,0,2.45629,0.0,6.23882,0.0
2011-07-22 10:15:01,0.370715,0,1.08673,0,2.29449,0.0,6.23882,0.0
2011-07-22 11:15:01,0.444541,0,1.09071,0,2.06685,0.0,6.23882,0.0
2011-07-22 12:15:01,9.62758,0,1.11395,0,9.82124,0.0,6.23882,1.0
2011-07-22 13:15:01,0.299316,0,1.09759,0,17.8884,0.0,6.23882,1.0
2011-07-22 14:15:01,0.6002569999999999,0,1.0935,0,2.42267,0.0,6.23882,0.0
2011-07-22 15:15:01,0.516878,0,1.08121,0,1.57129,0.0,6.23882,0.0
2011-07-22 16:15:01,10.5523,0,1.11301,0,10.6244,0.0,6.23882,1.0
2011-07-22 17:15:01,0.236278,0,1.09581,0,19.819000000000006,0.0,6.23882,1.0
2011-07-22 18:15:01,0.398388,0,1.09073,0,2.45089,0.0,6.23882,0.0
2011-07-22 19:15:01,0.39147,0,1.0763,0,2.0941,0.0,6.23882,0.0
2011-07-22 20:15:01,0.369402,0,1.08039,0,2.10541,0.0,6.23882,0.0
2011-07-22 21:15:01,0.360516,0,1.07814,0,2.13367,0.0,6.23882,0.0
2011-07-22 22:15:01,0.381611,0,1.07992,0,2.13627,0.0,6.23882,0.0
2011-07-22 23:15:01,0.386481,0,1.07347,0,2.08649,0.0,6.23882,0.0
2011-07-23 00:15:01,0.427347,0,1.07119,0,2.033,0.0,6.23882,0.0
2011-07-23 01:15:01,0.452946,0,1.06869,0,1.91048,0.0,6.23882,0.0
2011-07-23 02:15:01,0.322811,0,1.07262,0,1.98237,0.0,6.23882,0.0
2011-07-23 03:15:01,0.245316,0,1.07656,0,2.31906,0.0,6.23882,0.0
2011-07-23 04:15:01,0.304141,0,1.07116,0,2.4270400000000003,0.0,6.23882,0.0
2011-07-23 05:15:01,0.268666,0,1.06985,0,2.34734,0.0,6.23882,0.0
2011-07-23 06:15:01,0.250987,0,1.07106,0,2.42385,0.0,6.23882,0.0
2011-07-23 07:15:01,0.258279,0,1.0743200000000002,0,2.4505,0.0,6.23882,0.0
2011-07-23 08:15:01,0.422283,0,1.06816,0,2.2776,0.0,6.23882,0.0
2011-07-23 09:15:01,0.290541,0,1.07534,0,2.08169,0.0,6.23882,0.0
2011-07-23 10:15:01,0.429787,0,1.07735,0,2.20079,0.0,6.23882,0.0
2011-07-23 11:15:01,0.35520300000000005,0,1.0733700000000002,0,2.01324,0.0,6.23882,0.0
2011-07-23 12:15:01,0.487421,0,1.09275,0,2.03023,0.0,6.23882,0.0
2011-07-23 13:15:01,0.663245,0,1.09574,0,1.6014,0.0,6.23882,0.0
2011-07-23 14:15:01,0.629866,0,1.09814,0,1.3248799999999998,0.0,6.23882,0.0
2011-07-23 15:15:01,0.612021,0,1.09811,0,1.41786,0.0,6.23882,0.0
2011-07-23 16:15:01,0.530361,0,1.09696,0,1.53999,0.0,6.23882,0.0
2011-07-23 17:15:01,0.468315,0,1.0955700000000002,0,1.76415,0.0,6.23882,0.0
2011-07-23 18:15:01,0.475247,0,1.0950799999999998,0,1.87762,0.0,6.23882,0.0
2011-07-23 19:15:01,0.5155109999999999,0,1.09538,0,1.82022,0.0,6.23882,0.0
2011-07-23 20:15:01,0.467559,0,1.09329,0,1.7869700000000002,0.0,6.23882,0.0
2011-07-23 21:15:01,0.418504,0,1.0900299999999998,0,1.93043,0.0,6.23882,0.0
2011-07-23 22:15:01,0.380975,0,1.0881299999999998,0,2.05863,0.0,6.23882,0.0
2011-07-23 23:15:01,0.536259,0,1.09017,0,1.96998,0.0,6.23882,0.0
2011-07-24 00:15:01,0.34695,0,1.08729,0,1.84696,0.0,6.23882,0.0
2011-07-24 01:15:01,0.401619,0,1.08787,0,2.1721,0.0,6.23882,0.0
2011-07-24 02:15:01,0.380387,0,1.08447,0,2.07882,0.0,6.23882,0.0
2011-07-24 03:15:01,0.367295,0,1.0843,0,2.13213,0.0,6.23882,0.0
2011-07-24 04:15:01,0.309246,0,1.08251,0,2.2094,0.0,6.23882,0.0
2011-07-24 05:15:01,0.338191,0,1.0821,0,2.29443,0.0,6.23882,0.0
2011-07-24 06:15:01,0.327432,0,1.08221,0,2.2433,0.0,6.23882,0.0
2011-07-24 07:15:01,0.374677,0,1.08292,0,2.21687,0.0,6.23882,0.0
2011-07-24 08:15:01,0.413187,0,1.08377,0,2.0848,0.0,6.23882,0.0
2011-07-24 09:15:01,0.469015,0,1.08649,0,1.95422,0.0,6.23882,0.0
2011-07-24 10:15:01,0.520907,0,1.08876,0,1.7951,0.0,6.23882,0.0
2011-07-24 11:15:01,0.60446,0,1.09239,0,1.61546,0.0,6.23882,0.0
2011-07-24 12:15:01,0.605735,0,1.09386,0,1.45525,0.0,6.23882,0.0
2011-07-24 13:15:01,0.682806,0,1.09646,0,1.38436,0.0,6.23882,0.0
2011-07-24 14:15:01,0.706102,0,1.09816,0,1.2124700000000002,0.0,6.23882,0.0
2011-07-24 15:15:01,0.70072,0,1.0981299999999998,0,1.17816,0.0,6.23882,0.0
2011-07-24 16:15:01,0.594383,0,1.09705,0,1.29862,0.0,6.23882,0.0
2011-07-24 17:15:01,0.5921649999999999,0,1.09607,0,1.51237,0.0,6.23882,0.0
2011-07-24 18:15:01,0.551354,0,1.09406,0,1.55448,0.0,6.23882,0.0
2011-07-24 19:15:01,0.608883,0,1.0944200000000002,0,1.57461,0.0,6.23882,0.0
2011-07-24 20:15:01,0.691649,0,1.09455,0,1.37312,0.0,6.23882,0.0
2011-07-24 21:15:01,0.332274,0,1.08907,0,1.56782,0.0,6.23882,0.0
2011-07-24 22:15:01,0.465759,0,1.08764,0,2.14786,0.0,6.23882,0.0
2011-07-24 23:15:01,0.421471,0,1.08574,0,1.91279,0.0,6.23882,0.0
2011-07-25 00:15:01,0.419897,0,1.08609,0,1.99818,0.0,6.23882,0.0
2011-07-25 01:15:01,0.411997,0,1.08398,0,2.00578,0.0,6.23882,0.0
2011-07-25 02:15:01,0.479998,0,1.08433,0,1.95216,0.0,6.23882,0.0
2011-07-25 03:15:01,0.411945,0,1.0824,0,1.88035,0.0,6.23882,0.0
2011-07-25 04:15:01,0.334917,0,1.08116,0,2.0922400000000003,0.0,6.23882,0.0
2011-07-25 05:15:01,0.270648,0,1.08004,0,2.30547,0.0,6.23882,0.0
2011-07-25 06:15:01,0.24238,0,1.0793,0,2.45868,0.0,6.23882,0.0
2011-07-25 07:15:01,0.274941,0,1.07883,0,2.47969,0.0,6.23882,0.0
2011-07-25 08:15:01,0.289314,0,1.07919,0,2.39824,0.0,6.23882,0.0
2011-07-25 09:15:01,0.423232,0,1.08043,0,2.235,0.0,6.23882,0.0
2011-07-25 10:15:01,0.466611,0,1.08354,0,1.92573,0.0,6.23882,0.0
2011-07-25 11:15:01,0.523253,0,1.08731,0,1.78793,0.0,6.23882,0.0
2011-07-25 12:15:01,0.58222,0,1.08936,0,1.62565,0.0,6.23882,0.0
2011-07-25 13:15:01,0.617321,0,1.09423,0,1.48221,0.0,6.23882,0.0
2011-07-25 14:15:01,0.552955,0,1.09435,0,1.48535,0.0,6.23882,0.0
2011-07-25 15:15:01,0.510387,0,1.09374,0,1.66652,0.0,6.23882,0.0
2011-07-25 16:15:01,0.452663,0,1.09328,0,1.809,0.0,6.23882,0.0
2011-07-25 17:15:01,0.435567,0,1.09196,0,1.93987,0.0,6.23882,0.0
2011-07-25 18:15:01,0.453078,0,1.09112,0,1.95431,0.0,6.23882,0.0
2011-07-25 19:15:01,0.432723,0,1.0905,0,1.93616,0.0,6.23882,0.0
2011-07-25 20:15:01,0.418721,0,1.08936,0,1.98856,0.0,6.23882,0.0
2011-07-25 21:15:01,0.433316,0,1.0888,0,1.9996,0.0,6.23882,0.0
2011-07-25 22:15:01,0.455294,0,1.08918,0,1.9456,0.0,6.23882,0.0
2011-07-25 23:15:01,0.433696,0,1.08873,0,1.9225,0.0,6.23882,0.0
2011-07-26 00:15:01,0.432864,0,1.0885200000000002,0,1.96683,0.0,6.23882,0.0
2011-07-26 01:15:01,0.402606,0,1.08692,0,1.99765,0.0,6.23882,0.0
2011-07-26 02:15:01,0.321699,0,1.08451,0,2.1370400000000003,0.0,6.23882,0.0
2011-07-26 03:15:01,0.289217,0,1.08276,0,2.32573,0.0,6.23882,0.0
2011-07-26 04:15:01,0.266278,0,1.08133,0,2.40708,0.0,6.23882,0.0
2011-07-26 05:15:01,0.236805,0,1.08008,0,2.47749,0.0,6.23882,0.0
2011-07-26 06:15:01,0.247918,0,1.07958,0,2.5212,0.0,6.23882,0.0
2011-07-26 07:15:01,0.260832,0,1.07938,0,2.48307,0.0,6.23882,0.0
2011-07-26 08:15:01,0.300109,0,1.08039,0,2.41677,0.0,6.23882,0.0
2011-07-26 09:15:01,0.392499,0,1.08342,0,2.24643,0.0,6.23882,0.0
2011-07-26 10:15:01,0.440181,0,1.08653,0,2.01903,0.0,6.23882,0.0
2011-07-26 11:15:01,0.5078630000000001,0,1.08996,0,1.86514,0.0,6.23882,0.0
2011-07-26 12:15:01,0.7760520000000001,0,1.09656,0,1.47123,0.0,6.23882,0.0
2011-07-26 13:15:01,0.564876,0,1.09653,0,1.15949,0.0,6.23882,0.0
2011-07-26 14:15:01,0.446935,0,1.0949,0,1.7129599999999998,0.0,6.23882,0.0
2011-07-26 15:15:01,0.599305,0,1.09592,0,1.79479,0.0,6.23882,0.0
2011-07-26 16:15:01,0.5391560000000001,0,1.09702,0,1.54795,0.0,6.23882,0.0
2011-07-26 17:15:01,0.487767,0,1.09559,0,1.72278,0.0,6.23882,0.0
2011-07-26 18:15:01,0.476289,0,1.09365,0,1.83781,0.0,6.23882,0.0
2011-07-26 19:15:01,0.441625,0,1.09194,0,1.89063,0.0,6.23882,0.0
2011-07-26 20:15:01,0.402771,0,1.08968,0,1.99322,0.0,6.23882,0.0
2011-07-26 21:15:01,0.373886,0,1.08886,0,2.09413,0.0,6.23882,0.0
2011-07-26 22:15:01,0.357918,0,1.08784,0,2.16252,0.0,6.23882,0.0
2011-07-26 23:15:01,0.335693,0,1.08562,0,2.21404,0.0,6.23882,0.0
2011-07-27 00:15:01,0.320566,0,1.0841,0,2.26936,0.0,6.23882,0.0
2011-07-27 01:15:01,0.289116,0,1.08138,0,2.3251,0.0,6.23882,0.0
2011-07-27 02:15:01,0.314846,0,1.08085,0,2.3565,0.0,6.23882,0.0
2011-07-27 03:15:01,0.29948600000000003,0,1.08168,0,2.31442,0.0,6.23882,0.0
2011-07-27 04:15:01,0.23309,0,1.07894,0,2.41131,0.0,6.23882,0.0
2011-07-27 05:15:01,0.201063,0,1.07785,0,2.57505,0.0,6.23882,0.0
2011-07-27 06:15:01,0.20404,0,1.07835,0,2.62958,0.0,6.23882,0.0
2011-07-27 07:15:01,0.227263,0,1.07763,0,2.59871,0.0,6.23882,0.0
2011-07-27 08:15:01,0.231202,0,1.07864,0,2.5485900000000004,0.0,6.23882,0.0
2011-07-27 09:15:01,0.345985,0,1.08213,0,2.4255,0.0,6.23882,0.0
2011-07-27 10:15:01,0.36245,0,1.08387,0,2.18499,0.0,6.23882,0.0
2011-07-27 11:15:01,0.398439,0,1.08715,0,2.12479,0.0,6.23882,0.0
2011-07-27 12:15:01,0.430577,0,1.0901299999999998,0,2.02743,0.0,6.23882,0.0
2011-07-27 13:15:01,0.456182,0,1.09341,0,1.94709,0.0,6.23882,0.0
2011-07-27 14:15:01,0.460301,0,1.0953,0,1.90101,0.0,6.23882,0.0
2011-07-27 15:15:01,0.423716,0,1.0955700000000002,0,1.93781,0.0,6.23882,0.0
2011-07-27 16:15:01,0.427415,0,1.09531,0,2.01133,0.0,6.23882,0.0
2011-07-27 17:15:01,0.370982,0,1.09402,0,2.06063,0.0,6.23882,0.0
2011-07-27 18:15:01,0.392529,0,1.09375,0,2.15014,0.0,6.23882,0.0
2011-07-27 19:15:01,0.374785,0,1.09266,0,2.12194,0.0,6.23882,0.0
2011-07-27 20:15:01,0.322961,0,1.09113,0,2.20763,0.0,6.23882,0.0
2011-07-27 21:15:01,0.304857,0,1.08911,0,2.32567,0.0,6.23882,0.0
2011-07-27 22:15:01,0.333823,0,1.08836,0,2.32783,0.0,6.23882,0.0
2011-07-27 23:15:01,0.423355,0,1.08975,0,2.17558,0.0,6.23882,0.0
2011-07-28 00:15:01,0.442277,0,1.09087,0,1.97747,0.0,6.23882,0.0
2011-07-28 01:15:01,0.44237,0,1.09053,0,1.94345,0.0,6.23882,0.0
2011-07-28 02:15:01,0.385479,0,1.08902,0,2.00206,0.0,6.23882,0.0
2011-07-28 03:15:01,0.356943,0,1.08812,0,2.14218,0.0,6.23882,0.0
2011-07-28 04:15:01,0.282629,0,1.08625,0,2.2696400000000003,0.0,6.23882,0.0
2011-07-28 05:15:01,0.26056,0,1.08501,0,2.43666,0.0,6.23882,0.0
2011-07-28 06:15:01,0.266122,0,1.0837,0,2.47027,0.0,6.23882,0.0
2011-07-28 07:15:01,0.301016,0,1.08361,0,2.42047,0.0,6.23882,0.0
2011-07-28 08:15:01,0.310637,0,1.08313,0,2.33833,0.0,6.23882,0.0
2011-07-28 09:15:01,0.410687,0,1.08612,0,2.21838,0.0,6.23882,0.0
2011-07-28 10:15:01,0.463073,0,1.08916,0,1.96793,0.0,6.23882,0.0
2011-07-28 11:15:01,0.493108,0,1.09201,0,1.84215,0.0,6.23882,0.0
2011-07-28 12:15:01,0.544516,0,1.0943200000000002,0,1.7395900000000002,0.0,6.23882,0.0
2011-07-28 13:15:01,0.551596,0,1.09567,0,1.63771,0.0,6.23882,0.0
2011-07-28 14:15:01,0.5926819999999999,0,1.097,0,1.58844,0.0,6.23882,0.0
2011-07-28 15:15:01,0.60341,0,1.09745,0,1.49957,0.0,6.23882,0.0
2011-07-28 16:15:01,0.647925,0,1.09832,0,1.4367,0.0,6.23882,0.0
2011-07-28 17:15:01,0.6480130000000001,0,1.09808,0,1.34936,0.0,6.23882,0.0
2011-07-28 18:15:01,0.489787,0,1.09552,0,1.50891,0.0,6.23882,0.0
2011-07-28 19:15:01,0.453518,0,1.09329,0,1.85858,0.0,6.23882,0.0
2011-07-28 20:15:01,0.435354,0,1.09162,0,1.94194,0.0,6.23882,0.0
2011-07-28 21:15:01,0.402201,0,1.09047,0,2.0053,0.0,6.23882,0.0
2011-07-28 22:15:01,0.406934,0,1.08854,0,2.06238,0.0,6.23882,0.0
2011-07-28 23:15:01,0.399298,0,1.08664,0,2.0563,0.0,6.23882,0.0
2011-07-29 00:15:01,0.397139,0,1.0854700000000002,0,2.06798,0.0,6.23882,0.0
2011-07-29 01:15:01,0.385018,0,1.08425,0,2.07945,0.0,6.23882,0.0
2011-07-29 02:15:01,0.359738,0,1.08373,0,2.12541,0.0,6.23882,0.0
2011-07-29 03:15:01,0.37967,0,1.08384,0,2.15308,0.0,6.23882,0.0
2011-07-29 04:15:01,0.337633,0,1.08267,0,2.15433,0.0,6.23882,0.0
2011-07-29 05:15:01,0.30496,0,1.08163,0,2.27011,0.0,6.23882,0.0
2011-07-29 06:15:01,0.304933,0,1.08054,0,2.33211,0.0,6.23882,0.0
2011-07-29 07:15:01,0.301978,0,1.08081,0,2.33196,0.0,6.23882,0.0
2011-07-29 08:15:01,0.303107,0,1.08123,0,2.33483,0.0,6.23882,0.0
2011-07-29 09:15:01,0.512721,0,1.08502,0,2.12392,0.0,6.23882,0.0
2011-07-29 10:15:01,0.5444640000000001,0,1.08867,0,1.6775799999999998,0.0,6.23882,0.0
2011-07-29 11:15:01,0.551234,0,1.09111,0,1.61855,0.0,6.23882,0.0
2011-07-29 12:15:01,0.553495,0,1.09217,0,1.61249,0.0,6.23882,0.0
2011-07-29 13:15:01,0.611475,0,1.09565,0,1.55592,0.0,6.23882,0.0
2011-07-29 14:15:01,0.598813,0,1.09677,0,1.45824,0.0,6.23882,0.0
2011-07-29 15:15:01,0.623376,0,1.09786,0,1.46707,0.0,6.23882,0.0
2011-07-29 16:15:01,0.581542,0,1.0967,0,1.46309,0.0,6.23882,0.0
2011-07-29 17:15:01,0.567904,0,1.09539,0,1.56143,0.0,6.23882,0.0
2011-07-29 18:15:01,0.662729,0,1.0959299999999998,0,1.49026,0.0,6.23882,0.0
2011-07-29 19:15:01,0.635894,0,1.09595,0,1.32536,0.0,6.23882,0.0
2011-07-29 20:15:01,0.660412,0,1.09602,0,1.35562,0.0,6.23882,0.0
2011-07-29 21:15:01,0.544378,0,1.09388,0,1.42271,0.0,6.23882,0.0
2011-07-29 22:15:01,0.682796,0,1.09419,0,1.51437,0.0,6.23882,0.0
2011-07-29 23:15:01,0.703522,0,1.09382,0,1.21284,0.0,6.23882,0.0
2011-07-30 00:15:01,0.701214,0,1.0945,0,1.17394,0.0,6.23882,0.0
2011-07-30 01:15:01,0.689928,0,1.09277,0,1.18979,0.0,6.23882,0.0
2011-07-30 02:15:01,0.552423,0,1.09031,0,1.3495,0.0,6.23882,0.0
2011-07-30 03:15:01,0.5847760000000001,0,1.0893700000000002,0,1.58623,0.0,6.23882,0.0
2011-07-30 04:15:01,0.546281,0,1.08816,0,1.55415,0.0,6.23882,0.0
2011-07-30 05:15:01,0.478517,0,1.08694,0,1.69583,0.0,6.23882,0.0
2011-07-30 06:15:01,0.460037,0,1.08531,0,1.8462,0.0,6.23882,0.0
2011-07-30 07:15:01,0.4209600000000001,0,1.08341,0,1.91816,0.0,6.23882,0.0
2011-07-30 08:15:01,0.427053,0,1.08268,0,1.98505,0.0,6.23882,0.0
2011-07-30 09:15:01,0.549322,0,1.08417,0,1.84606,0.0,6.23882,0.0
2011-07-30 10:15:01,0.525252,0,1.08495,0,1.62563,0.0,6.23882,0.0
2011-07-30 11:15:01,0.8307209999999999,0,1.08948,0,1.37206,0.0,6.23882,0.0
2011-07-30 12:15:01,0.703326,0,1.08939,0,0.8946049999999999,0.0,6.23882,0.0
2011-07-30 13:15:01,0.5317850000000001,0,1.08893,0,1.3299,0.0,6.23882,0.0
2011-07-30 14:15:01,0.6570010000000001,0,1.08887,0,1.54713,0.0,6.23882,0.0
2011-07-30 15:15:01,0.627151,0,1.09035,0,1.32558,0.0,6.23882,0.0
2011-07-30 16:15:01,0.5709529999999999,0,1.09043,0,1.44284,0.0,6.23882,0.0
2011-07-30 17:15:01,0.538716,0,1.08824,0,1.59051,0.0,6.23882,0.0
2011-07-30 18:15:01,0.508012,0,1.08758,0,1.6836400000000002,0.0,6.23882,0.0
2011-07-30 19:15:01,0.500471,0,1.08649,0,1.7475599999999998,0.0,6.23882,0.0
2011-07-30 20:15:01,0.46593,0,1.08609,0,1.7947799999999998,0.0,6.23882,0.0
2011-07-30 21:15:01,0.387813,0,1.0858,0,1.93938,0.0,6.23882,0.0
2011-07-30 22:15:01,0.380338,0,1.08399,0,2.10201,0.0,6.23882,0.0
2011-07-30 23:15:01,0.381977,0,1.08328,0,2.11294,0.0,6.23882,0.0
2011-07-31 00:15:01,0.388667,0,1.08262,0,2.09865,0.0,6.23882,0.0
2011-07-31 01:15:01,0.403493,0,1.08164,0,2.06836,0.0,6.23882,0.0
2011-07-31 02:15:01,0.75426,0,1.08821,0,1.6856400000000002,0.0,6.23882,0.0
2011-07-31 03:15:01,0.33631300000000003,0,1.08392,0,1.40665,0.0,6.23882,0.0
2011-07-31 04:15:01,0.308559,0,1.08229,0,2.27916,0.0,6.23882,0.0
2011-07-31 05:15:01,0.29832,0,1.08111,0,2.33469,0.0,6.23882,0.0
2011-07-31 06:15:01,0.464432,0,1.08465,0,2.18463,0.0,6.23882,0.0
2011-07-31 07:15:01,0.308753,0,1.08293,0,2.00925,0.0,6.23882,0.0
2011-07-31 08:15:01,0.291212,0,1.08256,0,2.34351,0.0,6.23882,0.0
2011-07-31 09:15:01,0.452342,0,1.08276,0,2.21366,0.0,6.23882,0.0
2011-07-31 10:15:01,0.304835,0,1.08249,0,2.03836,0.0,6.23882,0.0
2011-07-31 11:15:01,0.297348,0,1.08326,1,2.34099,0.0,6.23882,0.0
2011-07-31 12:15:01,0.48571,0,1.08721,1,2.16784,0.0,6.23882,0.0
2011-07-31 13:15:01,0.535809,0,1.09064,1,1.7465099999999998,0.0,6.23882,0.0
2011-07-31 14:15:01,0.55247,0,1.09226,1,1.64097,0.0,6.23882,0.0
2011-07-31 15:15:01,0.5546800000000001,0,1.09142,1,1.61392,0.0,6.23882,0.0
2011-07-31 16:15:01,0.535467,0,1.09278,1,1.63111,0.0,6.23882,0.0
2011-07-31 17:15:01,0.467778,0,1.09343,1,1.73692,0.0,6.23882,0.0
2011-07-31 18:15:01,0.426954,0,1.09112,1,1.91648,0.0,6.23882,0.0
2011-07-31 19:15:01,0.427393,0,1.09127,1,1.99667,0.0,6.23882,0.0
2011-07-31 20:15:01,0.404486,0,1.08968,1,2.01425,0.0,6.23882,0.0
2011-07-31 21:15:01,0.350204,0,1.08741,1,2.11305,0.0,6.23882,0.0
2011-07-31 22:15:01,0.339554,0,1.08569,1,2.22681,0.0,6.23882,0.0
2011-07-31 23:15:01,0.324572,0,1.08516,1,2.25683,0.0,6.23882,0.0
2011-08-01 00:15:01,0.349281,0,1.08628,1,2.25813,0.0,6.23882,0.0
2011-08-01 01:15:01,0.274486,0,1.08297,1,2.28356,0.0,6.23882,0.0
2011-08-01 02:15:01,0.749951,0,1.09114,1,1.82913,0.0,6.23882,0.0
2011-08-01 03:15:01,0.786538,0,1.0949799999999998,1,0.970636,0.0,6.23882,0.0
2011-08-01 04:15:01,0.8161729999999999,0,1.09719,1,0.888009,0.0,6.23882,0.0
2011-08-01 05:15:01,0.868192,0,1.09784,1,0.786609,0.0,6.23882,0.0
2011-08-01 06:15:01,0.784014,0,1.09902,1,0.77182,0.0,6.23882,0.0
2011-08-01 07:15:01,0.8441780000000001,0,1.09969,1,0.8825,0.0,6.23882,0.0
2011-08-01 08:15:01,0.261589,0,1.09253,1,1.34779,0.0,6.23882,0.0
2011-08-01 09:15:01,0.349869,0,1.08967,1,2.41887,0.0,6.23882,0.0
2011-08-01 10:15:01,0.423038,0,1.0866,1,2.15196,0.0,6.23882,0.0
2011-08-01 11:15:01,0.465359,0,1.08726,1,1.95449,0.0,6.23882,0.0
2011-08-01 12:15:01,0.540637,0,1.08645,1,1.7891,0.0,6.23882,0.0
2011-08-01 14:15:01,0.31045100000000003,0,1.08312,1,1.86925,0.0,6.23882,0.0
2011-08-01 15:15:01,0.519199,0,1.08497,1,2.11591,0.0,6.23882,0.0
2011-08-01 16:15:01,0.436339,0,1.08419,1,1.77647,0.0,6.23882,0.0
2011-08-01 17:15:01,0.503602,0,1.08631,1,1.87786,0.0,6.23882,0.0
2011-08-01 18:15:01,0.833675,0,1.09093,1,1.41382,0.0,6.23882,0.0
2011-08-01 19:15:01,0.8759809999999999,0,1.09197,1,0.7202149999999999,0.0,6.23882,0.0
2011-08-01 21:15:01,0.223802,0,1.08462,1,1.29807,0.0,6.23882,0.0
2011-08-01 22:15:01,0.7256729999999999,0,1.08719,1,1.76295,0.0,6.23882,0.0
2011-08-01 23:15:01,0.6146560000000001,0,1.08818,1,1.19043,0.0,6.23882,0.0
2011-08-02 00:15:01,0.691651,0,1.09317,1,1.3416,0.0,6.23882,0.0
2011-08-02 01:15:01,0.766413,0,1.091,1,1.11981,0.0,6.23882,0.0
2011-08-02 02:15:01,0.5436439999999999,0,1.09127,1,1.20087,0.0,6.23882,0.0
2011-08-02 03:15:01,0.583195,0,1.08894,1,1.60278,0.0,6.23882,0.0
2011-08-02 04:15:01,0.618745,0,1.08992,1,1.48634,0.0,6.23882,0.0
2011-08-02 05:15:01,0.559451,0,1.09237,1,1.47085,0.0,6.23882,0.0
2011-08-02 06:15:01,0.5676140000000001,0,1.08999,0,1.58569,0.0,6.23882,0.0
2011-08-02 07:15:01,0.572049,0,1.08936,0,1.56746,0.0,6.23882,0.0
2011-08-02 08:15:01,0.844724,0,1.0908799999999998,0,1.28052,0.0,6.23882,0.0
2011-08-02 09:15:01,0.733433,0,1.08967,0,0.8467129999999999,0.0,6.23882,0.0
2011-08-02 10:15:01,0.587585,0,1.09111,0,1.21697,0.0,6.23882,0.0
2011-08-02 11:15:01,0.796235,0,1.09104,0,1.29904,0.0,6.23882,0.0
2011-08-02 12:15:01,1.29679,0,1.09629,0,0.795511,0.0,6.23882,0.0
2011-08-02 13:15:01,0.772949,0,1.0961,0,0.73485,0.0,6.23882,0.0
2011-08-02 14:15:01,0.4558930000000001,0,1.08917,0,1.2869,0.0,6.23882,0.0
2011-08-02 15:15:01,0.608003,0,1.08735,0,1.76158,0.0,6.23882,0.0
2011-08-02 16:15:01,0.548453,0,1.08878,0,1.5012299999999998,0.0,6.23882,0.0
2011-08-02 17:15:01,0.446146,0,1.08556,0,1.72043,0.0,6.23882,0.0
2011-08-02 18:15:01,1.55457,0,1.09585,0,1.7542799999999998,0.0,6.23882,0.0
2011-08-02 19:15:01,0.75865,0,1.09168,0,1.27522,0.0,6.23882,0.0
2011-08-02 20:15:01,0.493098,0,1.08754,0,1.27298,0.0,6.23882,0.0
2011-08-02 21:15:01,0.555308,0,1.08411,0,1.7294,0.0,6.23882,0.0
2011-08-02 22:15:01,0.64022,0,1.08869,0,1.50836,0.0,6.23882,0.0
2011-08-02 23:15:01,2.1203,0,1.10115,0,1.9194,0.0,6.23882,0.0
2011-08-03 00:15:01,1.53391,0,1.10076,0,2.49598,0.0,6.23882,0.0
2011-08-03 01:15:01,0.63162,0,1.09233,0,1.33465,0.0,6.23882,0.0
2011-08-03 02:15:01,1.03594,0,1.08882,0,0.994667,0.0,6.23882,0.0
2011-08-03 03:15:01,1.04113,0,1.09313,0,0.160478,0.0,6.23882,0.0
2011-08-03 04:15:01,0.842248,0,1.09356,0,0.346265,0.0,6.23882,0.0
2011-08-03 05:15:01,0.6979770000000001,0,1.09011,0,0.8973530000000001,0.0,6.23882,0.0
2011-08-03 06:15:01,0.5234800000000001,0,1.08631,0,1.3578,0.0,6.23882,0.0
2011-08-03 07:15:01,0.551489,0,1.07957,0,1.66808,0.0,6.23882,0.0
2011-08-03 08:15:01,0.568276,0,1.07935,0,1.58094,0.0,6.23882,0.0
2011-08-03 09:15:01,0.866892,0,1.08666,0,1.23505,0.0,6.23882,0.0
2011-08-03 10:15:01,0.289193,0,1.07974,0,1.22238,0.0,6.23882,0.0
2011-08-03 11:15:01,0.6447069999999999,0,1.0819299999999998,0,2.18652,0.0,6.23882,0.0
2011-08-03 12:15:01,0.525504,0,1.079,0,1.42649,0.0,6.23882,0.0
2011-08-03 13:15:01,0.3629,0,1.07669,0,1.82896,0.0,6.23882,0.0
2011-08-03 14:15:01,0.500301,0,1.08005,0,2.0085900000000003,0.0,6.23882,0.0
2011-08-03 15:15:01,0.438339,0,1.07792,0,1.79449,0.0,6.23882,0.0
2011-08-03 16:15:01,0.407287,0,1.0767799999999998,0,1.95405,0.0,6.23882,0.0
2011-08-03 17:15:01,0.429309,0,1.07897,0,1.98873,0.0,6.23882,0.0
2011-08-03 18:15:01,0.705734,0,1.08078,0,1.66819,0.0,6.23882,0.0
2011-08-03 19:15:01,0.657358,0,1.08399,0,1.1699,0.0,6.23882,0.0
2011-08-03 20:15:01,0.395966,0,1.08455,0,1.53486,0.0,6.23882,0.0
2011-08-03 21:15:01,0.46259,0,1.08409,0,1.998,0.0,6.23882,0.0
2011-08-03 22:15:01,0.712777,0,1.08735,0,1.61523,0.0,6.23882,0.0
2011-08-03 23:15:01,0.696524,0,1.09144,0,1.13345,0.0,6.23882,0.0
2011-08-04 00:15:01,0.8630110000000001,0,1.09524,0,1.01008,0.0,6.23882,0.0
2011-08-04 01:15:01,0.8948200000000001,0,1.09428,0,0.65728,0.0,6.23882,0.0
2011-08-04 02:15:01,0.571347,0,1.09375,0,0.923773,0.0,6.23882,0.0
2011-08-04 03:15:01,0.664167,0,1.09235,0,1.47545,0.0,6.23882,0.0
2011-08-04 04:15:01,0.681146,0,1.0928,0,1.27037,0.0,6.23882,0.0
2011-08-04 05:15:01,0.733196,0,1.09623,0,1.18201,0.0,6.23882,0.0
2011-08-04 06:15:01,0.667334,0,1.09248,0,1.1481,0.0,6.23882,0.0
2011-08-04 07:15:01,0.603446,0,1.09009,0,1.34684,0.0,6.23882,0.0
2011-08-04 08:15:01,0.6569699999999999,0,1.0888799999999998,0,1.4112,0.0,6.23882,0.0
2011-08-04 09:15:01,0.497522,0,1.0878,0,1.45761,0.0,6.23882,0.0
2011-08-04 10:15:01,0.4249770000000001,0,1.08644,0,1.84554,0.0,6.23882,0.0
2011-08-04 11:15:01,0.5147970000000001,0,1.08517,0,1.8973,0.0,6.23882,0.0
2011-08-04 12:15:01,0.5640270000000001,0,1.08577,0,1.66443,0.0,6.23882,0.0
2011-08-04 13:15:01,0.583974,0,1.0852,0,1.54409,0.0,6.23882,0.0
2011-08-04 14:15:01,1.36256,0,1.0928,0,1.28096,0.0,6.23882,0.0
2011-08-04 15:15:01,0.316803,0,1.08713,0,1.33072,0.0,6.23882,0.0
2011-08-04 16:15:01,0.461527,0,1.08623,0,2.1776,0.0,6.23882,0.0
2011-08-04 17:15:01,0.391439,0,1.0814700000000002,0,1.94601,0.0,6.23882,0.0
2011-08-04 18:15:01,0.664007,0,1.08896,0,1.80705,0.0,6.23882,0.0
2011-08-04 19:15:01,0.738111,0,1.08797,0,1.1857799999999998,0.0,6.23882,0.0
2011-08-04 20:15:01,0.431863,0,1.08584,0,1.3578,0.0,6.23882,0.0
2011-08-04 21:15:01,0.511419,0,1.08322,0,1.88664,0.0,6.23882,0.0
2011-08-04 22:15:01,0.685791,0,1.085,0,1.54627,0.0,6.23882,0.0
2011-08-04 23:15:01,0.682388,0,1.08971,0,1.19747,0.0,6.23882,0.0
2011-08-05 00:15:01,0.669145,0,1.09099,0,1.22578,0.0,6.23882,0.0
2011-08-05 01:15:01,0.7414390000000001,0,1.0910799999999998,0,1.19068,0.0,6.23882,0.0
2011-08-05 02:15:01,0.5146850000000001,0,1.0891,0,1.2755,0.0,6.23882,0.0
2011-08-05 03:15:01,0.626788,0,1.08647,0,1.61509,0.0,6.23882,0.0
2011-08-05 04:15:01,0.640202,0,1.08825,0,1.37089,0.0,6.23882,0.0
2011-08-05 05:15:01,0.6563939999999999,0,1.09182,0,1.32439,0.0,6.23882,0.0
2011-08-05 06:15:01,0.5899,0,1.08659,0,1.36563,0.0,6.23882,0.0
2011-08-05 07:15:01,0.610863,0,1.08865,0,1.47956,0.0,6.23882,0.0
2011-08-05 08:15:01,0.560081,0,1.0867,0,1.48003,0.0,6.23882,0.0
2011-08-05 09:15:01,0.463537,0,1.08534,0,1.6803,0.0,6.23882,0.0
2011-08-05 10:15:01,0.421426,0,1.08625,0,1.91023,0.0,6.23882,0.0
2011-08-05 11:15:01,0.45439,0,1.08427,0,1.95968,0.0,6.23882,0.0
2011-08-05 12:15:01,0.463081,0,1.08433,0,1.88491,0.0,6.23882,0.0
2011-08-05 13:15:01,0.480588,0,1.0839,0,1.84613,0.0,6.23882,0.0
2011-08-05 14:15:01,0.500382,0,1.08312,0,1.79099,0.0,6.23882,0.0
2011-08-05 15:15:01,0.465553,0,1.08409,0,1.7846099999999998,0.0,6.23882,0.0
2011-08-05 16:15:01,0.4336100000000001,0,1.08409,0,1.88562,0.0,6.23882,0.0
2011-08-05 17:15:01,0.496783,0,1.08428,0,1.88827,0.0,6.23882,0.0
2011-08-05 18:15:01,0.606651,0,1.0873700000000002,0,1.6522400000000002,0.0,6.23882,0.0
2011-08-05 19:15:01,0.626607,0,1.08876,0,1.41602,0.0,6.23882,0.0
2011-08-05 20:15:01,0.371988,0,1.08566,0,1.6383,0.0,6.23882,0.0
2011-08-05 21:15:01,0.428587,0,1.08532,0,2.09061,0.0,6.23882,0.0
2011-08-05 22:15:01,0.614654,0,1.08818,0,1.7848099999999998,0.0,6.23882,0.0
2011-08-05 23:15:01,0.582711,0,1.0905200000000002,0,1.44681,0.0,6.23882,0.0
2011-08-06 00:15:01,0.5843510000000001,0,1.09071,0,1.51712,0.0,6.23882,0.0
2011-08-06 01:15:01,0.443356,0,1.08837,0,1.65969,0.0,6.23882,0.0
2011-08-06 02:15:01,0.446554,0,1.08753,0,1.93651,0.0,6.23882,0.0
2011-08-06 03:15:01,0.469229,0,1.08748,0,1.90193,0.0,6.23882,0.0
2011-08-06 04:15:01,0.489383,0,1.08928,0,1.8347,0.0,6.23882,0.0
2011-08-06 05:15:01,0.16004200000000002,0,1.08366,0,2.12543,0.0,6.23882,0.0
2011-08-06 06:15:01,0.14263,0,1.07892,0,2.79951,0.0,6.23882,0.0
2011-08-06 07:15:01,0.136408,0,1.07538,0,2.82457,0.0,6.23882,0.0
2011-08-06 08:15:01,0.206435,0,1.07624,0,2.75398,0.0,6.23882,0.0
2011-08-06 09:15:01,0.36003,0,1.07901,0,2.4541,0.0,6.23882,0.0
2011-08-06 10:15:01,0.450892,0,1.08248,0,2.06054,0.0,6.23882,0.0
2011-08-06 11:15:01,0.564708,0,1.08462,0,1.7740200000000002,0.0,6.23882,0.0
2011-08-06 12:15:01,0.53094,0,1.08723,0,1.58922,0.0,6.23882,0.0
2011-08-06 13:15:01,0.570281,0,1.09075,0,1.6243,0.0,6.23882,0.0
2011-08-06 14:15:01,0.499488,0,1.09158,0,1.62516,0.0,6.23882,0.0
2011-08-06 15:15:01,0.427912,0,1.09235,0,1.8462,0.0,6.23882,0.0
2011-08-06 16:15:01,0.6501399999999999,0,1.09422,0,1.76955,0.0,6.23882,0.0
2011-08-06 17:15:01,0.254707,0,1.0882,0,1.72393,0.0,6.23882,0.0
2011-08-06 18:15:01,0.338479,0,1.08774,0,2.4287400000000003,0.0,6.23882,0.0
2011-08-06 19:15:01,0.230554,0,1.08398,0,2.35664,0.0,6.23882,0.0
2011-08-06 20:15:01,0.220324,0,1.08421,0,2.57804,0.0,6.23882,0.0
2011-08-06 21:15:01,0.211605,0,1.0824,0,2.59992,0.0,6.23882,0.0
2011-08-06 22:15:01,0.178756,0,1.08082,0,2.6488400000000003,0.0,6.23882,0.0
2011-08-06 23:15:01,0.169106,0,1.07778,0,2.719,0.0,6.23882,0.0
2011-08-07 00:15:01,0.169174,0,1.07646,0,2.73204,0.0,6.23882,0.0
2011-08-07 01:15:01,0.16626400000000002,0,1.0760299999999998,0,2.7274,0.0,6.23882,0.0
2011-08-07 02:15:01,0.332318,0,1.0800299999999998,0,2.56411,0.0,6.23882,0.0
2011-08-07 03:15:01,0.193808,0,1.07817,0,2.37365,0.0,6.23882,0.0
2011-08-07 04:15:01,0.13609000000000002,0,1.07777,0,2.71453,0.0,6.23882,0.0
2011-08-07 05:15:01,0.15418099999999998,0,1.07497,0,2.80775,0.0,6.23882,0.0
2011-08-07 06:15:01,0.132043,0,1.07656,0,2.7901,0.0,6.23882,0.0
2011-08-07 07:15:01,0.175192,0,1.07934,0,2.78723,0.0,6.23882,0.0
2011-08-07 08:15:01,0.190733,0,1.07817,0,2.69135,0.0,6.23882,0.0
2011-08-07 09:15:01,0.264385,0,1.08373,0,2.59101,0.0,6.23882,0.0
2011-08-07 10:15:01,0.484584,0,1.09072,0,2.22673,0.0,6.23882,0.0
2011-08-07 11:15:01,0.254405,0,1.09,0,2.03462,0.0,6.23882,0.0
2011-08-07 12:15:01,0.492096,0,1.10072,0,2.27054,0.0,6.23882,0.0
2011-08-07 13:15:01,0.551471,0,1.10282,0,1.74505,0.0,6.23882,0.0
2011-08-07 14:15:01,0.5152899999999999,0,1.10719,0,1.6860400000000002,0.0,6.23882,0.0
2011-08-07 15:15:01,0.431736,0,1.10209,0,1.85052,0.0,6.23882,0.0
2011-08-07 16:15:01,0.321267,0,1.09838,0,2.13173,0.0,6.23882,0.0
2011-08-07 17:15:01,0.490512,0,1.10028,0,2.16951,0.0,6.23882,0.0
2011-08-07 18:15:01,0.584304,0,1.1008,0,1.73171,0.0,6.23882,0.0
2011-08-07 19:15:01,0.5449430000000001,0,1.10138,0,1.58781,0.0,6.23882,0.0
2011-08-07 20:15:01,0.373287,0,1.09609,0,1.83982,0.0,6.23882,0.0
2011-08-07 21:15:01,0.500801,0,1.09472,0,2.05148,0.0,6.23882,0.0
2011-08-07 22:15:01,0.613113,0,1.09765,0,1.67219,0.0,6.23882,0.0
2011-08-07 23:15:01,0.579918,0,1.09777,0,1.48094,0.0,6.23882,0.0
2011-08-08 00:15:01,0.74747,0,1.0995,0,1.38576,0.0,6.23882,0.0
2011-08-08 01:15:01,1.52512,0,1.10722,0,1.12622,0.0,6.23882,0.0
2011-08-08 02:15:01,0.517482,0,1.09744,0,1.44097,0.0,6.23882,0.0
2011-08-08 03:15:01,0.579997,0,1.09588,0,1.6969299999999998,0.0,6.23882,0.0
2011-08-08 04:15:01,0.570246,0,1.09148,0,1.56053,0.0,6.23882,0.0
2011-08-08 05:15:01,0.5956229999999999,0,1.09468,0,1.54712,0.0,6.23882,0.0
2011-08-08 06:15:01,0.588968,0,1.09153,0,1.49742,0.0,6.23882,0.0
2011-08-08 07:15:01,0.5713779999999999,0,1.08929,0,1.53158,0.0,6.23882,0.0
2011-08-08 08:15:01,0.506287,0,1.08561,0,1.62332,0.0,6.23882,0.0
2011-08-08 09:15:01,0.411307,0,1.08287,0,1.84032,0.0,6.23882,0.0
2011-08-08 10:15:01,0.448947,0,1.08394,0,1.98254,0.0,6.23882,0.0
2011-08-08 11:15:01,0.5116189999999999,0,1.08563,0,1.84017,0.0,6.23882,0.0
2011-08-08 12:15:01,0.551945,0,1.08597,0,1.67832,0.0,6.23882,0.0
2011-08-08 13:15:01,0.5336930000000001,0,1.08535,0,1.61965,0.0,6.23882,0.0
2011-08-08 14:15:01,0.541203,0,1.0821,0,1.6486900000000002,0.0,6.23882,0.0
2011-08-08 15:15:01,0.464481,0,1.08273,0,1.7059099999999998,0.0,6.23882,0.0
2011-08-08 16:15:01,0.441773,0,1.08474,0,1.87619,0.0,6.23882,0.0
2011-08-08 17:15:01,0.388858,0,1.08086,0,1.97779,0.0,6.23882,0.0
2011-08-08 18:15:01,0.441963,0,1.084,0,2.03066,0.0,6.23882,0.0
2011-08-08 19:15:01,0.58581,0,1.08528,0,1.7759900000000002,0.0,6.23882,0.0
2011-08-08 20:15:01,0.374043,0,1.08235,0,1.70761,0.0,6.23882,0.0
2011-08-08 21:15:01,0.297058,0,1.08266,0,2.20776,0.0,6.23882,0.0
2011-08-08 22:15:01,0.34365500000000004,0,1.0822200000000002,0,2.30958,0.0,6.23882,0.0
2011-08-08 23:15:01,0.453558,0,1.08535,0,2.1066700000000003,0.0,6.23882,0.0
2011-08-09 00:15:01,0.544586,0,1.08767,0,1.7980900000000002,0.0,6.23882,0.0
2011-08-09 01:15:01,0.565615,0,1.0892,0,1.60358,0.0,6.23882,0.0
2011-08-09 02:15:01,0.48884,0,1.08819,0,1.6444599999999998,0.0,6.23882,0.0
2011-08-09 03:15:01,0.510071,0,1.08831,0,1.77883,0.0,6.23882,0.0
2011-08-09 04:15:01,0.434404,0,1.08861,0,1.81015,0.0,6.23882,0.0
2011-08-09 05:15:01,0.558055,0,1.09159,0,1.83836,0.0,6.23882,0.0
2011-08-09 06:15:01,0.711525,0,1.09396,0,1.44118,0.0,6.23882,0.0
2011-08-09 07:15:01,0.613503,0,1.0939,0,1.2406,0.0,6.23882,0.0
2011-08-09 08:15:01,0.601267,0,1.0921299999999998,0,1.45355,0.0,6.23882,0.0
2011-08-09 09:15:01,0.67537,0,1.09331,0,1.40203,0.0,6.23882,0.0
2011-08-09 10:15:01,0.267389,0,1.0897,0,1.65943,0.0,6.23882,0.0
2011-08-09 11:15:01,0.388656,0,1.08827,0,2.35288,0.0,6.23882,0.0
2011-08-09 12:15:01,0.416957,0,1.08734,0,2.0734,0.0,6.23882,0.0
2011-08-09 13:15:01,0.44659,0,1.08781,0,1.98338,0.0,6.23882,0.0
2011-08-09 14:15:01,0.430319,0,1.08444,0,1.93898,0.0,6.23882,0.0
2011-08-09 15:15:01,0.371727,0,1.08372,0,2.02768,0.0,6.23882,0.0
2011-08-09 16:15:01,0.360141,0,1.08272,0,2.149,0.0,6.23882,0.0
2011-08-09 17:15:01,0.343091,0,1.08274,0,2.18679,0.0,6.23882,0.0
2011-08-09 18:15:01,0.410909,0,1.08483,0,2.1511,0.0,6.23882,0.0
2011-08-09 19:15:01,0.281366,0,1.082,0,2.1471400000000003,0.0,6.23882,0.0
2011-08-09 20:15:01,0.295097,0,1.08085,0,2.39384,0.0,6.23882,0.0
2011-08-09 21:15:01,0.258614,0,1.07946,0,2.39605,0.0,6.23882,0.0
2011-08-09 22:15:01,0.236877,0,1.07794,0,2.48705,0.0,6.23882,0.0
2011-08-09 23:15:01,0.226811,0,1.07895,0,2.5363,0.0,6.23882,0.0
2011-08-10 00:15:01,0.228572,0,1.0798,0,2.55265,0.0,6.23882,0.0
2011-08-10 01:15:01,0.346341,0,1.08016,0,2.43423,0.0,6.23882,0.0
2011-08-10 02:15:01,0.413801,0,1.08483,0,2.13329,0.0,6.23882,0.0
2011-08-10 03:15:01,0.41326,0,1.08674,0,2.0043,0.0,6.23882,0.0
2011-08-10 04:15:01,0.427908,0,1.0884,0,2.00197,0.0,6.23882,0.0
2011-08-10 05:15:01,0.553245,0,1.09399,0,1.85282,0.0,6.23882,0.0
2011-08-10 06:15:01,0.359995,0,1.09233,0,1.80431,0.0,6.23882,0.0
2011-08-10 07:15:01,0.547353,0,1.09538,0,2.01298,0.0,6.23882,0.0
2011-08-10 08:15:01,0.332505,0,1.09184,0,1.85283,0.0,6.23882,0.0
2011-08-10 09:15:01,0.29915,0,1.09114,0,2.3184400000000003,0.0,6.23882,0.0
2011-08-10 10:15:01,0.338713,0,1.08807,0,2.33782,0.0,6.23882,0.0
2011-08-10 11:15:01,0.393803,0,1.09105,0,2.19912,0.0,6.23882,0.0
2011-08-10 12:15:01,0.413565,0,1.09077,0,2.06601,0.0,6.23882,0.0
2011-08-10 13:15:01,0.446305,0,1.09132,0,1.99943,0.0,6.23882,0.0
2011-08-10 14:15:01,0.398478,0,1.0907,0,1.98177,0.0,6.23882,0.0
2011-08-10 15:15:01,0.381793,0,1.08965,0,2.09459,0.0,6.23882,0.0
2011-08-10 16:15:01,0.347513,0,1.0889799999999998,0,2.15995,0.0,6.23882,0.0
2011-08-10 17:15:01,0.361427,0,1.0892700000000002,0,2.21183,0.0,6.23882,0.0
2011-08-10 18:15:01,0.307724,0,1.08614,0,2.23665,0.0,6.23882,0.0
2011-08-10 19:15:01,0.306667,0,1.0853700000000002,0,2.3425700000000003,0.0,6.23882,0.0
2011-08-10 20:15:01,0.300692,0,1.08362,0,2.34363,0.0,6.23882,0.0
2011-08-10 21:15:01,0.274865,0,1.08212,0,2.37811,0.0,6.23882,0.0
2011-08-10 22:15:01,0.264504,0,1.08354,0,2.43512,0.0,6.23882,0.0
2011-08-10 23:15:01,0.258296,0,1.08229,0,2.46047,0.0,6.23882,0.0
2011-08-11 00:15:01,0.28175900000000004,0,1.08294,0,2.45103,0.0,6.23882,0.0
2011-08-11 01:15:01,0.320198,0,1.08475,0,2.36382,0.0,6.23882,0.0
2011-08-11 02:15:01,0.596304,0,1.09049,0,2.0139400000000003,0.0,6.23882,0.0
2011-08-11 03:15:01,0.457267,0,1.09178,0,1.61011,0.0,6.23882,0.0
2011-08-11 04:15:01,0.428945,0,1.0923200000000002,0,1.92928,0.0,6.23882,0.0
2011-08-11 05:15:01,0.469533,0,1.09208,0,1.94847,0.0,6.23882,0.0
2011-08-11 06:15:01,0.45564,0,1.09414,0,1.88202,0.0,6.23882,0.0
2011-08-11 07:15:01,0.407852,0,1.09348,0,1.95917,0.0,6.23882,0.0
2011-08-11 08:15:01,0.304635,0,1.09087,0,2.16142,0.0,6.23882,0.0
2011-08-11 09:15:01,0.326486,0,1.08887,0,2.34207,0.0,6.23882,0.0
2011-08-11 10:15:01,0.378022,0,1.08851,0,2.23961,0.0,6.23882,0.0
2011-08-11 11:15:01,0.429691,0,1.09024,0,2.08052,0.0,6.23882,0.0
2011-08-11 12:15:01,0.421697,0,1.09071,0,1.98618,0.0,6.23882,0.0
2011-08-11 13:15:01,0.484168,0,1.09188,0,1.94362,0.0,6.23882,0.0
2011-08-11 14:15:01,0.444613,0,1.09171,0,1.86034,0.0,6.23882,0.0
2011-08-11 15:15:01,0.434237,0,1.0909799999999998,0,1.95201,0.0,6.23882,0.0
2011-08-11 16:15:01,0.390201,0,1.08972,0,2.01574,0.0,6.23882,0.0
2011-08-11 17:15:01,0.397313,0,1.09034,0,2.09397,0.0,6.23882,0.0
2011-08-11 18:15:01,0.36687,0,1.0873,0,2.10828,0.0,6.23882,0.0
2011-08-11 19:15:01,0.4179270000000001,0,1.08779,0,2.11632,0.0,6.23882,0.0
2011-08-11 20:15:01,0.34077,0,1.0863,0,2.08578,0.0,6.23882,0.0
2011-08-11 21:15:01,0.26067,0,1.08388,0,2.31967,0.0,6.23882,0.0
2011-08-11 22:15:01,0.299584,0,1.08386,0,2.43557,0.0,6.23882,0.0
2011-08-11 23:15:01,0.289433,0,1.08395,0,2.36302,0.0,6.23882,0.0
2011-08-12 00:15:01,0.290488,0,1.08394,0,2.38231,0.0,6.23882,0.0
2011-08-12 01:15:01,0.270638,0,1.0828799999999998,0,2.40023,0.0,6.23882,0.0
2011-08-12 02:15:01,0.29490900000000003,0,1.0827,0,2.41458,0.0,6.23882,0.0
2011-08-12 03:15:01,0.234792,0,1.08129,0,2.42385,0.0,6.23882,0.0
2011-08-12 04:15:01,0.224502,0,1.08126,0,2.5526,0.0,6.23882,0.0
2011-08-12 05:15:01,0.208237,0,1.08049,0,2.5866,0.0,6.23882,0.0
2011-08-12 06:15:01,0.230379,0,1.08105,0,2.59616,0.0,6.23882,0.0
2011-08-12 07:15:01,0.217073,0,1.08069,0,2.56421,0.0,6.23882,0.0
2011-08-12 08:15:01,0.270446,0,1.08197,0,2.5382,0.0,6.23882,0.0
2011-08-12 09:15:01,0.784133,0,1.09412,0,1.70229,0.0,6.23882,0.0
2011-08-12 10:15:01,0.225891,0,1.08979,0,1.4639,0.0,6.23882,0.0
2011-08-12 11:15:01,0.624102,0,1.09659,0,2.08341,0.0,6.23882,0.0
2011-08-12 12:15:01,0.54009,0,1.09543,0,1.48788,0.0,6.23882,0.0
2011-08-12 13:15:01,0.636013,0,1.1032,0,1.57241,0.0,6.23882,0.0
2011-08-12 14:15:01,0.538367,0,1.09892,0,1.48367,0.0,6.23882,0.0
2011-08-12 15:15:01,0.5269729999999999,0,1.10004,0,1.7016099999999998,0.0,6.23882,0.0
2011-08-12 16:15:01,0.423724,0,1.09538,0,1.8202,0.0,6.23882,0.0
2011-08-12 17:15:01,0.439475,0,1.09409,0,2.00853,0.0,6.23882,0.0
2011-08-12 18:15:01,0.436876,0,1.09302,0,1.96901,0.0,6.23882,0.0
2011-08-12 19:15:01,0.5990850000000001,0,1.0955,0,1.80836,0.0,6.23882,0.0
2011-08-12 20:15:01,0.598102,0,1.09458,0,1.48527,0.0,6.23882,0.0
2011-08-12 21:15:01,0.5744859999999999,0,1.09493,0,1.51489,0.0,6.23882,0.0
2011-08-12 22:15:01,0.65441,0,1.0931,0,1.48071,0.0,6.23882,0.0
2011-08-12 23:15:01,0.676326,0,1.09531,0,1.29782,0.0,6.23882,0.0
2011-08-13 00:15:01,0.625671,0,1.09576,0,1.30318,0.0,6.23882,0.0
2011-08-13 01:15:01,0.518763,0,1.09065,0,1.51626,0.0,6.23882,0.0
2011-08-13 02:15:01,0.30650900000000003,0,1.08801,0,1.93813,0.0,6.23882,0.0
2011-08-13 03:15:01,0.222543,0,1.08255,0,2.43374,0.0,6.23882,0.0
2011-08-13 04:15:01,0.238742,0,1.0798299999999998,0,2.5747400000000003,0.0,6.23882,0.0
2011-08-13 05:15:01,0.216867,0,1.0793700000000002,0,2.55058,0.0,6.23882,0.0
2011-08-13 06:15:01,0.260681,0,1.07798,0,2.54461,0.0,6.23882,0.0
2011-08-13 07:15:01,0.349202,0,1.07859,0,2.36616,0.0,6.23882,0.0
2011-08-13 08:15:01,0.48534,0,1.08156,0,2.0508,0.0,6.23882,0.0
2011-08-13 09:15:01,0.500499,0,1.08413,0,1.7675599999999998,0.0,6.23882,0.0
2011-08-13 10:15:01,0.499003,0,1.08703,0,1.74725,0.0,6.23882,0.0
2011-08-13 11:15:01,0.649104,0,1.09037,0,1.60819,0.0,6.23882,0.0
2011-08-13 12:15:01,0.6527270000000001,0,1.09222,0,1.31349,0.0,6.23882,0.0
2011-08-13 13:15:01,0.620838,0,1.09329,0,1.34666,0.0,6.23882,0.0
2011-08-13 14:15:01,0.8735940000000001,0,1.09623,0,1.16247,0.0,6.23882,0.0
2011-08-13 15:15:01,0.7032729999999999,0,1.09644,0,0.832361,0.0,6.23882,0.0
2011-08-13 16:15:01,0.629699,0,1.09624,0,1.25266,0.0,6.23882,0.0
2011-08-13 17:15:01,0.559662,0,1.09385,0,1.47006,0.0,6.23882,0.0
2011-08-13 18:15:01,0.60211,0,1.09516,0,1.56491,0.0,6.23882,0.0
2011-08-13 19:15:01,0.59918,0,1.09459,0,1.47946,0.0,6.23882,0.0
2011-08-13 20:15:01,0.601518,0,1.09387,0,1.48502,0.0,6.23882,0.0
2011-08-13 21:15:01,0.623031,0,1.09265,0,1.45697,0.0,6.23882,0.0
2011-08-13 22:15:01,0.6137319999999999,0,1.0912,0,1.42059,0.0,6.23882,0.0
2011-08-13 23:15:01,0.591015,0,1.09045,0,1.45802,0.0,6.23882,0.0
2011-08-14 00:15:01,0.597202,0,1.08989,0,1.49361,0.0,6.23882,0.0
2011-08-14 01:15:01,0.617226,0,1.08945,0,1.45915,0.0,6.23882,0.0
2011-08-14 02:15:01,0.287022,0,1.0851,0,1.7477599999999998,0.0,6.23882,0.0
2011-08-14 03:15:01,0.231902,0,1.08029,0,2.45805,0.0,6.23882,0.0
2011-08-14 04:15:01,0.224,0,1.07746,0,2.56268,0.0,6.23882,0.0
2011-08-14 05:15:01,0.241493,0,1.07802,0,2.54854,0.0,6.23882,0.0
2011-08-14 06:15:01,0.233556,0,1.07573,0,2.51641,0.0,6.23882,0.0
2011-08-14 07:15:01,0.280215,0,1.07606,0,2.48444,0.0,6.23882,0.0
2011-08-14 08:15:01,0.275579,0,1.07589,0,2.3915,0.0,6.23882,0.0
2011-08-14 09:15:01,0.386395,0,1.0782200000000002,0,2.29045,0.0,6.23882,0.0
2011-08-14 10:15:01,0.4627060000000001,0,1.08202,0,1.9945,0.0,6.23882,0.0
2011-08-14 11:15:01,0.504761,0,1.08575,0,1.8083,0.0,6.23882,0.0
2011-08-14 12:15:01,0.587333,0,1.08865,0,1.65294,0.0,6.23882,0.0
2011-08-14 13:15:01,0.571371,0,1.0902,0,1.51411,0.0,6.23882,0.0
2011-08-14 14:15:01,0.5439390000000001,0,1.09079,0,1.58082,0.0,6.23882,0.0
2011-08-14 15:15:01,0.493924,0,1.09159,0,1.68938,0.0,6.23882,0.0
2011-08-14 16:15:01,0.8418979999999999,0,1.09805,0,1.44342,0.0,6.23882,0.0
2011-08-14 17:15:01,0.348113,0,1.09269,0,1.2493299999999998,0.0,6.23882,0.0
2011-08-14 18:15:01,0.40814,0,1.09239,0,2.18443,0.0,6.23882,0.0
2011-08-14 19:15:01,0.362813,0,1.08859,0,2.09868,0.0,6.23882,0.0
2011-08-14 20:15:01,0.387078,0,1.09022,0,2.16067,0.0,6.23882,0.0
2011-08-14 21:15:01,0.480271,0,1.09028,0,2.01296,0.0,6.23882,0.0
2011-08-14 22:15:01,0.495409,0,1.09099,0,1.81476,0.0,6.23882,0.0
2011-08-14 23:15:01,0.55062,0,1.0901299999999998,0,1.7301099999999998,0.0,6.23882,0.0
2011-08-15 00:15:01,0.584733,0,1.09033,0,1.58615,0.0,6.23882,0.0
2011-08-15 01:15:01,0.591701,0,1.09149,0,1.50942,0.0,6.23882,0.0
2011-08-15 02:15:01,0.284195,0,1.0873700000000002,0,1.80455,0.0,6.23882,0.0
2011-08-15 03:15:01,0.237721,0,1.08404,0,2.46424,0.0,6.23882,0.0
2011-08-15 04:15:01,0.229569,0,1.08153,0,2.55376,0.0,6.23882,0.0
2011-08-15 05:15:01,0.231456,0,1.0792,0,2.55901,0.0,6.23882,0.0
2011-08-15 06:15:01,0.250608,0,1.07811,0,2.52874,0.0,6.23882,0.0
2011-08-15 07:15:01,0.283509,0,1.07928,0,2.4517900000000004,0.0,6.23882,0.0
2011-08-15 08:15:01,0.292765,0,1.07725,0,2.3757200000000003,0.0,6.23882,0.0
2011-08-15 09:15:01,0.539751,0,1.08477,0,2.11053,0.0,6.23882,0.0
2011-08-15 10:15:01,0.460583,0,1.08719,0,1.69917,0.0,6.23882,0.0
2011-08-15 11:15:01,0.460583,0,1.08862,0,1.87498,0.0,6.23882,0.0
2011-08-15 12:15:01,0.458415,0,1.08994,0,1.88342,0.0,6.23882,0.0
2011-08-15 13:15:01,0.531832,0,1.09186,0,1.81853,0.0,6.23882,0.0
2011-08-15 14:15:01,0.520626,0,1.0920299999999998,0,1.68745,0.0,6.23882,0.0
2011-08-15 15:15:01,0.520362,0,1.09325,0,1.7141400000000002,0.0,6.23882,0.0
2011-08-15 16:15:01,0.4698060000000001,0,1.09241,0,1.7667700000000002,0.0,6.23882,0.0
2011-08-15 17:15:01,0.43367,0,1.09079,0,1.90563,0.0,6.23882,0.0
2011-08-15 18:15:01,0.381056,0,1.0903200000000002,0,2.02722,0.0,6.23882,0.0
2011-08-15 19:15:01,0.310463,0,1.08899,0,2.19933,0.0,6.23882,0.0
2011-08-15 20:15:01,0.382683,0,1.08864,0,2.26601,0.0,6.23882,0.0
2011-08-15 21:15:01,0.664007,0,1.09414,0,1.83724,0.0,6.23882,0.0
2011-08-15 22:15:01,0.501236,0,1.09227,0,1.4421700000000002,0.0,6.23882,0.0
2011-08-15 23:15:01,0.494123,0,1.09103,0,1.78395,0.0,6.23882,0.0
2011-08-16 00:15:01,0.547747,0,1.0913,0,1.73958,0.0,6.23882,0.0
2011-08-16 01:15:01,0.566933,0,1.0926,0,1.61094,0.0,6.23882,0.0
2011-08-16 02:15:01,0.255686,0,1.08782,0,1.88564,0.0,6.23882,0.0
2011-08-16 03:15:01,0.229467,0,1.0846,0,2.53218,0.0,6.23882,0.0
2011-08-16 04:15:01,0.220397,0,1.08082,0,2.58091,0.0,6.23882,0.0
2011-08-16 05:15:01,0.257295,0,1.0802,0,2.55193,0.0,6.23882,0.0
2011-08-16 06:15:01,0.248276,0,1.07897,0,2.47897,0.0,6.23882,0.0
2011-08-16 07:15:01,0.316675,0,1.0802,0,2.42614,0.0,6.23882,0.0
2011-08-16 08:15:01,0.34215,0,1.08089,0,2.26264,0.0,6.23882,0.0
2011-08-16 09:15:01,0.408964,0,1.08401,0,2.14803,0.0,6.23882,0.0
2011-08-16 10:15:01,0.4557520000000001,0,1.08614,0,1.97211,0.0,6.23882,0.0
2011-08-16 11:15:01,0.480086,0,1.08931,0,1.86257,0.0,6.23882,0.0
2011-08-16 12:15:01,0.526419,0,1.09177,0,1.775,0.0,6.23882,0.0
2011-08-16 13:15:01,0.490074,0,1.09083,0,1.72747,0.0,6.23882,0.0
2011-08-16 14:15:01,0.5277390000000001,0,1.0920299999999998,0,1.7664799999999998,0.0,6.23882,0.0
2011-08-16 15:15:01,0.488338,0,1.09255,0,1.72987,0.0,6.23882,0.0
2011-08-16 16:15:01,0.5005539999999999,0,1.0929799999999998,0,1.79938,0.0,6.23882,0.0
2011-08-16 17:15:01,0.407356,0,1.09135,0,1.86961,0.0,6.23882,0.0
2011-08-16 18:15:01,0.403069,0,1.09156,0,2.05952,0.0,6.23882,0.0
2011-08-16 19:15:01,0.379248,0,1.09001,0,2.08886,0.0,6.23882,0.0
2011-08-16 20:15:01,0.441555,0,1.0906,0,2.07308,0.0,6.23882,0.0
2011-08-16 21:15:01,0.391388,0,1.08975,0,1.99612,0.0,6.23882,0.0
2011-08-16 22:15:01,0.478375,0,1.09056,0,2.00979,0.0,6.23882,0.0
2011-08-16 23:15:01,0.428994,0,1.08883,0,1.88433,0.0,6.23882,0.0
2011-08-17 00:15:01,0.47876,0,1.08974,0,1.93321,0.0,6.23882,0.0
2011-08-17 01:15:01,0.616206,0,1.09162,0,1.69368,0.0,6.23882,0.0
2011-08-17 02:15:01,0.30962399999999995,0,1.08809,0,1.7290599999999998,0.0,6.23882,0.0
2011-08-17 03:15:01,0.256096,0,1.08472,0,2.39598,0.0,6.23882,0.0
2011-08-17 04:15:01,0.346764,0,1.08353,0,2.40194,0.0,6.23882,0.0
2011-08-17 05:15:01,0.283938,0,1.0836,0,2.27551,0.0,6.23882,0.0
2011-08-17 06:15:01,0.28980500000000003,0,1.08234,0,2.39298,0.0,6.23882,0.0
2011-08-17 07:15:01,0.282763,0,1.0812700000000002,0,2.38716,0.0,6.23882,0.0
2011-08-17 08:15:01,0.381442,0,1.08286,0,2.29898,0.0,6.23882,0.0
2011-08-17 09:15:01,0.431515,0,1.08466,0,2.051,0.0,6.23882,0.0
2011-08-17 10:15:01,0.462682,0,1.08815,0,1.92468,0.0,6.23882,0.0
2011-08-17 11:15:01,0.449031,0,1.08948,0,1.88307,0.0,6.23882,0.0
2011-08-17 12:15:01,0.459005,0,1.09005,0,1.90871,0.0,6.23882,0.0
2011-08-17 13:15:01,0.532975,0,1.0924,0,1.81803,0.0,6.23882,0.0
2011-08-17 14:15:01,0.501922,0,1.09196,0,1.70463,0.0,6.23882,0.0
2011-08-17 15:15:01,0.49619,0,1.09262,0,1.77672,0.0,6.23882,0.0
2011-08-17 16:15:01,0.454019,0,1.09261,0,1.83014,0.0,6.23882,0.0
2011-08-17 17:15:01,0.43791,0,1.09045,0,1.9319,0.0,6.23882,0.0
2011-08-17 18:15:01,0.597533,0,1.09389,0,1.80231,0.0,6.23882,0.0
2011-08-17 19:15:01,0.4224810000000001,0,1.0926,0,1.65724,0.0,6.23882,0.0
2011-08-17 20:15:01,0.450587,0,1.09138,0,1.98483,0.0,6.23882,0.0
2011-08-17 21:15:01,0.396806,0,1.08969,0,1.9786,0.0,6.23882,0.0
2011-08-17 22:15:01,0.390865,0,1.08934,0,2.08798,0.0,6.23882,0.0
2011-08-17 23:15:01,0.38297,0,1.08762,0,2.10403,0.0,6.23882,0.0
2011-08-18 00:15:01,0.427849,0,1.08802,0,2.07251,0.0,6.23882,0.0
2011-08-18 01:15:01,0.595515,0,1.0902,0,1.81204,0.0,6.23882,0.0
2011-08-18 02:15:01,0.315128,0,1.08608,0,1.76008,0.0,6.23882,0.0
2011-08-18 03:15:01,0.303507,0,1.08418,0,2.33272,0.0,6.23882,0.0
2011-08-18 04:15:01,0.35522800000000004,0,1.08378,0,2.2941,0.0,6.23882,0.0
2011-08-18 05:15:01,0.276665,0,1.08361,0,2.2650200000000003,0.0,6.23882,0.0
2011-08-18 06:15:01,0.270216,0,1.08262,0,2.42763,0.0,6.23882,0.0
2011-08-18 07:15:01,0.223144,0,1.07981,0,2.48626,0.0,6.23882,0.0
2011-08-18 08:15:01,0.348475,0,1.0810799999999998,0,2.45028,0.0,6.23882,0.0
2011-08-18 09:15:01,0.441001,0,1.08408,0,2.1027400000000003,0.0,6.23882,0.0
2011-08-18 10:15:01,0.5,0,1.08734,0,1.86424,0.0,6.23882,0.0
2011-08-18 11:15:01,0.542157,0,1.09099,0,1.71334,0.0,6.23882,0.0
2011-08-18 12:15:01,0.5780350000000001,0,1.09302,0,1.60331,0.0,6.23882,0.0
2011-08-18 13:15:01,0.546826,0,1.09397,0,1.5721,0.0,6.23882,0.0
2011-08-18 14:15:01,0.64735,0,1.0964,0,1.53902,0.0,6.23882,0.0
2011-08-18 15:15:01,0.658978,0,1.09788,0,1.33067,0.0,6.23882,0.0
2011-08-18 16:15:01,0.620016,0,1.09856,0,1.35272,0.0,6.23882,0.0
2011-08-18 17:15:01,0.496723,0,1.09407,0,1.55757,0.0,6.23882,0.0
2011-08-18 18:15:01,0.468162,0,1.09326,0,1.82958,0.0,6.23882,0.0
2011-08-18 19:15:01,0.452319,0,1.09197,0,1.89276,0.0,6.23882,0.0
2011-08-18 20:15:01,0.601839,0,1.09324,0,1.7720200000000002,0.0,6.23882,0.0
2011-08-18 21:15:01,0.434088,0,1.09144,0,1.63942,0.0,6.23882,0.0
2011-08-18 22:15:01,0.428344,0,1.0889799999999998,0,1.98141,0.0,6.23882,0.0
2011-08-18 23:15:01,0.403791,0,1.08629,0,2.01137,0.0,6.23882,0.0
2011-08-19 00:15:01,0.425364,0,1.08667,0,2.0313,0.0,6.23882,0.0
2011-08-19 01:15:01,0.386666,0,1.08525,0,2.02185,0.0,6.23882,0.0
2011-08-19 02:15:01,1.03635,0,1.09445,0,1.30954,0.0,6.23882,0.0
2011-08-19 03:15:01,0.31918,0,1.08746,0,0.8730829999999999,0.0,6.23882,0.0
2011-08-19 04:15:01,0.333869,0,1.08486,0,2.3041400000000003,0.0,6.23882,0.0
2011-08-19 05:15:01,0.298698,0,1.08061,0,2.29333,0.0,6.23882,0.0
2011-08-19 06:15:01,0.30723,0,1.08401,0,2.3457,0.0,6.23882,0.0
2011-08-19 07:15:01,0.348001,0,1.0826,0,2.28277,0.0,6.23882,0.0
2011-08-19 08:15:01,0.38647,0,1.08351,0,2.16815,0.0,6.23882,0.0
2011-08-19 09:15:01,0.447908,0,1.08262,0,2.02786,0.0,6.23882,0.0
2011-08-19 10:15:01,0.648676,0,1.08586,0,1.7051599999999998,0.0,6.23882,0.0
2011-08-19 11:15:01,0.355133,0,1.08585,0,1.5986200000000002,0.0,6.23882,0.0
2011-08-19 12:15:01,0.488045,0,1.0888799999999998,0,2.05925,0.0,6.23882,0.0
2011-08-19 13:15:01,0.51144,0,1.0894700000000002,0,1.77305,0.0,6.23882,0.0
2011-08-19 14:15:01,0.523532,0,1.09254,0,1.72082,0.0,6.23882,0.0
2011-08-19 15:15:01,0.522225,0,1.08871,0,1.70219,0.0,6.23882,0.0
2011-08-19 16:15:01,0.511465,0,1.0894,0,1.71788,0.0,6.23882,0.0
2011-08-19 17:15:01,0.465431,0,1.09068,0,1.77846,0.0,6.23882,0.0
2011-08-19 18:15:01,0.4486060000000001,0,1.08704,0,1.89002,0.0,6.23882,0.0
2011-08-19 19:15:01,0.4445310000000001,0,1.08966,0,1.92665,0.0,6.23882,0.0
2011-08-19 20:15:01,0.480818,0,1.0903200000000002,0,1.89385,0.0,6.23882,0.0
2011-08-19 21:15:01,0.512234,0,1.08876,0,1.7957599999999998,0.0,6.23882,0.0
2011-08-19 22:15:01,0.5336380000000001,0,1.09162,0,1.71128,0.0,6.23882,0.0
2011-08-19 23:15:01,0.545867,0,1.09045,0,1.65599,0.0,6.23882,0.0
2011-08-20 00:15:01,0.619642,0,1.09231,0,1.56231,0.0,6.23882,0.0
2011-08-20 01:15:01,0.634364,0,1.09369,0,1.39956,0.0,6.23882,0.0
2011-08-20 02:15:01,0.373,0,1.0888,0,1.63659,0.0,6.23882,0.0
2011-08-20 03:15:01,0.357238,0,1.08735,0,2.17295,0.0,6.23882,0.0
2011-08-20 04:15:01,0.260393,0,1.08362,0,2.29008,0.0,6.23882,0.0
2011-08-20 05:15:01,0.293515,0,1.08254,0,2.44403,0.0,6.23882,0.0
2011-08-20 06:15:01,0.330351,0,1.08213,0,2.3324,0.0,6.23882,0.0
2011-08-20 07:15:01,0.536033,0,1.08511,0,2.05048,0.0,6.23882,0.0
2011-08-20 08:15:01,1.10579,0,1.0942,0,1.11287,0.0,6.23882,0.0
2011-08-20 09:15:01,0.766062,0,1.09488,0,0.369509,0.0,6.23882,0.0
2011-08-20 10:15:01,0.404038,0,1.09132,0,1.34712,0.0,6.23882,0.0
2011-08-20 11:15:01,0.663882,0,1.0921299999999998,0,1.80913,0.0,6.23882,0.0
2011-08-20 12:15:01,0.709337,0,1.09568,0,1.23767,0.0,6.23882,0.0
2011-08-20 13:15:01,0.584465,0,1.09496,0,1.2768,0.0,6.23882,0.0
2011-08-20 14:15:01,0.6725260000000001,0,1.09271,0,1.44486,0.0,6.23882,0.0
2011-08-20 15:15:01,0.757396,0,1.09259,0,1.1801700000000002,0.0,6.23882,0.0
2011-08-20 16:15:01,0.721707,0,1.09187,0,1.04151,0.0,6.23882,0.0
2011-08-20 17:15:01,0.6314850000000001,0,1.09142,0,1.20214,0.0,6.23882,0.0
2011-08-20 18:15:01,0.667462,0,1.09362,0,1.34472,0.0,6.23882,0.0
2011-08-20 19:15:01,0.550251,0,1.09154,0,1.39128,0.0,6.23882,0.0
2011-08-20 20:15:01,0.621858,0,1.09114,0,1.55641,0.0,6.23882,0.0
2011-08-20 21:15:01,0.6528189999999999,0,1.0893,0,1.37768,0.0,6.23882,0.0
2011-08-20 22:15:01,0.653821,0,1.08862,0,1.3121200000000002,0.0,6.23882,0.0
2011-08-20 23:15:01,0.67138,0,1.08958,0,1.2882,0.0,6.23882,0.0
2011-08-21 00:15:01,0.762688,0,1.08909,0,1.16137,0.0,6.23882,0.0
2011-08-21 01:15:01,0.796465,0,1.0901,0,0.946415,0.0,6.23882,0.0
2011-08-21 02:15:01,0.370001,0,1.08714,0,1.30536,0.0,6.23882,0.0
2011-08-21 03:15:01,0.353122,0,1.08333,0,2.17421,0.0,6.23882,0.0
2011-08-21 04:15:01,0.257429,0,1.08013,0,2.29393,0.0,6.23882,0.0
2011-08-21 05:15:01,0.241682,0,1.0798,0,2.49025,0.0,6.23882,0.0
2011-08-21 06:15:01,0.26159,0,1.07738,0,2.49511,0.0,6.23882,0.0
2011-08-21 07:15:01,0.411768,0,1.07805,0,2.30202,0.0,6.23882,0.0
2011-08-21 08:15:01,0.572416,0,1.08068,0,1.83685,0.0,6.23882,0.0
2011-08-21 09:15:01,1.6912,0,1.09597,0,1.62178,0.0,6.23882,0.0
2011-08-21 10:15:01,0.582982,0,1.09169,0,1.73403,0.0,6.23882,0.0
2011-08-21 11:15:01,0.414933,0,1.09,0,1.70274,0.0,6.23882,0.0
2011-08-21 12:15:01,0.755877,0,1.08921,0,1.68763,0.0,6.23882,0.0
2011-08-21 13:15:01,0.7740060000000001,0,1.09502,0,0.983447,0.0,6.23882,0.0
2011-08-21 14:15:01,0.809245,0,1.0942,0,0.91618,0.0,6.23882,0.0
2011-08-21 15:15:01,0.8450290000000001,0,1.09373,0,0.8207129999999999,0.0,6.23882,0.0
2011-08-21 16:15:01,0.809376,0,1.09197,0,0.782686,0.0,6.23882,0.0
2011-08-21 17:15:01,0.698642,0,1.08918,0,0.962029,0.0,6.23882,0.0
2011-08-21 18:15:01,0.654196,0,1.09131,0,1.22164,0.0,6.23882,0.0
2011-08-21 19:15:01,0.7273390000000001,0,1.0935,0,1.23394,0.0,6.23882,0.0
2011-08-21 20:15:01,0.587542,0,1.09076,0,1.23391,0.0,6.23882,0.0
2011-08-21 21:15:01,0.583723,0,1.0894700000000002,0,1.51896,0.0,6.23882,0.0
2011-08-21 22:15:01,0.5791689999999999,0,1.08449,0,1.52437,0.0,6.23882,0.0
2011-08-21 23:15:01,0.636099,0,1.0847,0,1.46899,0.0,6.23882,0.0
2011-08-22 00:15:01,0.71062,0,1.08844,0,1.27086,0.0,6.23882,0.0
2011-08-22 01:15:01,1.12772,0,1.08967,0,0.7874399999999999,0.0,6.23882,0.0
2011-08-22 02:15:01,0.261333,0,1.08463,0,0.906901,0.0,6.23882,0.0
2011-08-22 03:15:01,0.212648,0,1.08167,0,2.52866,0.0,6.23882,0.0
2011-08-22 04:15:01,0.215434,0,1.07595,0,2.6102,0.0,6.23882,0.0
2011-08-22 05:15:01,0.286087,0,1.07945,0,2.52232,0.0,6.23882,0.0
2011-08-22 06:15:01,0.442251,0,1.07957,0,2.21691,0.0,6.23882,0.0
2011-08-22 07:15:01,0.561652,0,1.08081,0,1.7923099999999998,0.0,6.23882,0.0
2011-08-22 08:15:01,0.60601,0,1.081,0,1.51064,0.0,6.23882,0.0
2011-08-22 09:15:01,0.569009,0,1.08223,0,1.46159,0.0,6.23882,0.0
2011-08-22 10:15:01,0.583897,0,1.08605,0,1.52233,0.0,6.23882,0.0
2011-08-22 11:15:01,0.693068,0,1.0902,0,1.38966,0.0,6.23882,0.0
2011-08-22 12:15:01,0.619728,0,1.09111,1,1.25645,0.0,6.23882,0.0
2011-08-22 13:15:01,0.6017859999999999,0,1.09074,1,1.4302700000000002,0.0,6.23882,0.0
2011-08-22 14:15:01,0.6017859999999999,0,1.08772,1,1.4676,0.0,6.23882,0.0
2011-08-22 15:15:01,0.350365,0,1.08559,1,1.71527,0.0,6.23882,0.0
2011-08-22 16:15:01,0.6024430000000001,0,1.08943,1,1.95786,0.0,6.23882,0.0
2011-08-22 17:15:01,0.578242,0,1.08796,1,1.47749,0.0,6.23882,0.0
2011-08-22 18:15:01,0.539501,0,1.09075,1,1.57083,0.0,6.23882,0.0
2011-08-22 19:15:01,0.54843,0,1.08887,1,1.6392400000000005,0.0,6.23882,0.0
2011-08-22 20:15:01,0.553867,0,1.0881299999999998,1,1.61964,0.0,6.23882,0.0
2011-08-22 21:15:01,0.541021,0,1.08995,1,1.61712,0.0,6.23882,0.0
2011-08-22 22:15:01,0.5445770000000001,0,1.08971,1,1.6396,0.0,6.23882,0.0
2011-08-22 23:15:01,0.495286,0,1.08873,1,1.68518,0.0,6.23882,0.0
2011-08-23 00:15:01,0.533503,0,1.08757,1,1.74407,0.0,6.23882,0.0
2011-08-23 01:15:01,0.516875,0,1.0865,1,1.6811599999999998,0.0,6.23882,0.0
2011-08-23 02:15:01,0.449937,0,1.08597,1,1.77795,0.0,6.23882,0.0
2011-08-23 03:15:01,0.512907,0,1.08552,1,1.84619,0.0,6.23882,0.0
2011-08-23 04:15:01,0.570214,0,1.08777,1,1.66143,0.0,6.23882,0.0
2011-08-23 05:15:01,0.5424439999999999,0,1.08818,1,1.57594,0.0,6.23882,0.0
2011-08-23 06:15:01,0.5950449999999999,0,1.08792,1,1.58378,0.0,6.23882,0.0
2011-08-23 07:15:01,0.5600890000000001,0,1.08941,1,1.51409,0.0,6.23882,0.0
2011-08-23 08:15:01,14.1273,0,1.11384,1,14.0936,0.0,6.23882,1.0
2011-08-23 09:15:01,0.220689,0,1.09677,1,26.969,0.0,6.23882,1.0
2011-08-23 10:15:01,0.577987,0,1.09224,1,2.25256,0.0,6.23882,0.0
2011-08-23 11:15:01,0.631517,0,1.0798,1,1.49829,0.0,6.23882,0.0
2011-08-23 12:15:01,0.6046159999999999,0,1.0897,1,1.39662,0.0,6.23882,0.0
2011-08-23 13:15:01,0.576851,0,1.0829799999999998,1,1.46322,0.0,6.23882,0.0
2011-08-23 14:15:01,0.586969,0,1.08095,1,1.5217,0.0,6.23882,0.0
2011-08-23 15:15:01,0.613912,0,1.07379,1,1.45907,0.0,6.23882,0.0
2011-08-23 16:15:01,0.632854,0,1.06948,1,1.37502,0.0,6.23882,0.0
2011-08-23 17:15:01,0.46651,0,1.07323,1,1.48485,0.0,6.23882,0.0
2011-08-23 18:15:01,0.353405,0,1.0777,1,1.92577,0.0,6.23882,0.0
2011-08-23 19:15:01,0.386992,0,1.07588,1,2.13035,0.0,6.23882,0.0
2011-08-23 20:15:01,0.483967,0,1.07744,1,1.97333,0.0,6.23882,0.0
2011-08-23 21:15:01,0.375827,0,1.06876,1,1.88544,0.0,6.23882,0.0
2011-08-23 22:15:01,0.304162,0,1.06907,1,2.16781,0.0,6.23882,0.0
2011-08-23 23:15:01,0.337421,0,1.07697,1,2.26085,0.0,6.23882,0.0
2011-08-24 00:15:01,0.316438,0,1.0673700000000002,1,2.22384,0.0,6.23882,0.0
2011-08-24 01:15:01,3.30105,0,1.08289,1,3.75476,0.0,6.23882,0.0
2011-08-24 02:15:01,0.278108,0,1.0806,1,5.27216,0.0,6.23882,0.0
2011-08-24 03:15:01,0.246928,0,1.07542,1,2.4432400000000003,0.0,6.23882,0.0
2011-08-24 04:15:01,0.248928,0,1.07911,1,2.49384,0.0,6.23882,0.0
2011-08-24 05:15:01,0.253599,0,1.0869,0,2.4784900000000003,0.0,6.23882,0.0
2011-08-24 06:15:01,0.283797,0,1.08229,0,2.45412,0.0,6.23882,0.0
2011-08-24 07:15:01,0.367999,0,1.08204,0,2.32049,0.0,6.23882,0.0
2011-08-24 08:15:01,0.392581,0,1.07682,0,2.11803,0.0,6.23882,0.0
2011-08-24 09:15:01,0.495107,0,1.07461,0,1.96063,0.0,6.23882,0.0
2011-08-24 10:15:01,0.546083,0,1.07968,0,1.69195,0.0,6.23882,0.0
2011-08-24 11:15:01,0.5847319999999999,0,1.08599,0,1.55201,0.0,6.23882,0.0
2011-08-24 12:15:01,0.627286,0,1.0860299999999998,0,1.4486,0.0,6.23882,0.0
2011-08-24 13:15:01,0.607119,0,1.08808,0,1.39632,0.0,6.23882,0.0
2011-08-24 14:15:01,0.715906,0,1.08247,0,1.32999,0.0,6.23882,0.0
2011-08-24 15:15:01,0.564072,0,1.08192,0,1.26274,0.0,6.23882,0.0
2011-08-24 16:15:01,0.480102,0,1.08765,0,1.63861,0.0,6.23882,0.0
2011-08-24 17:15:01,0.445944,0,1.07857,0,1.84534,0.0,6.23882,0.0
2011-08-24 18:15:01,0.429299,0,1.08391,0,1.93269,0.0,6.23882,0.0
2011-08-24 19:15:01,0.396101,0,1.08389,0,1.98636,0.0,6.23882,0.0
2011-08-24 20:15:01,0.464349,0,1.0803,0,1.99516,0.0,6.23882,0.0
2011-08-24 21:15:01,0.395229,0,1.08736,0,1.92416,0.0,6.23882,0.0
2011-08-24 22:15:01,0.368032,0,1.08559,0,2.08948,0.0,6.23882,0.0
2011-08-24 23:15:01,0.420177,0,1.08495,0,2.10408,0.0,6.23882,0.0
2011-08-25 00:15:01,0.665741,0,1.08968,0,1.75004,0.0,6.23882,0.0
2011-08-25 01:15:01,0.479604,0,1.08824,0,1.44851,0.0,6.23882,0.0
2011-08-25 02:15:01,0.231133,0,1.08373,0,2.07726,0.0,6.23882,0.0
2011-08-25 03:15:01,0.26938,0,1.0806,0,2.52855,0.0,6.23882,0.0
2011-08-25 04:15:01,0.272713,0,1.08036,0,2.4365900000000003,0.0,6.23882,0.0
2011-08-25 05:15:01,0.259763,0,1.08099,0,2.43638,0.0,6.23882,0.0
2011-08-25 06:15:01,0.285472,0,1.08,0,2.43672,0.0,6.23882,0.0
2011-08-25 07:15:01,0.35230700000000004,0,1.08066,0,2.31873,0.0,6.23882,0.0
2011-08-25 08:15:01,0.561882,0,1.0849799999999998,0,1.97416,0.0,6.23882,0.0
2011-08-25 09:15:01,0.293241,0,1.08341,0,1.8293,0.0,6.23882,0.0
2011-08-25 10:15:01,0.508001,0,1.08889,0,2.15889,0.0,6.23882,0.0
2011-08-25 11:15:01,0.573168,0,1.09212,0,1.66655,0.0,6.23882,0.0
2011-08-25 12:15:01,0.550655,0,1.09495,0,1.57291,0.0,6.23882,0.0
2011-08-25 13:15:01,0.7034819999999999,0,1.09573,0,1.4744,0.0,6.23882,0.0
2011-08-25 14:15:01,0.5663819999999999,0,1.0950799999999998,0,1.31229,0.0,6.23882,0.0
2011-08-25 15:15:01,0.483885,0,1.0944200000000002,0,1.6699,0.0,6.23882,0.0
2011-08-25 16:15:01,0.453808,0,1.09182,0,1.86301,0.0,6.23882,0.0
2011-08-25 17:15:01,1.24587,0,1.10296,0,1.81838,0.0,6.23882,0.0
2011-08-25 18:15:01,0.254473,0,1.09434,0,1.15659,0.0,6.23882,0.0
2011-08-25 19:15:01,0.415239,0,1.09153,0,2.37608,0.0,6.23882,0.0
2011-08-25 20:15:01,0.408733,0,1.0864,0,2.041,0.0,6.23882,0.0
2011-08-25 21:15:01,0.422322,0,1.09007,0,2.02967,0.0,6.23882,0.0
2011-08-25 22:15:01,0.383567,0,1.08651,0,2.03465,0.0,6.23882,0.0
2011-08-25 23:15:01,0.452569,0,1.08758,0,2.04696,0.0,6.23882,0.0
2011-08-26 00:15:01,0.560936,0,1.08529,0,1.7945400000000002,0.0,6.23882,0.0
2011-08-26 01:15:01,0.380814,0,1.08373,0,1.75777,0.0,6.23882,0.0
2011-08-26 02:15:01,0.28643,0,1.08177,0,2.20626,0.0,6.23882,0.0
2011-08-26 03:15:01,0.26688,0,1.08083,0,2.4094900000000004,0.0,6.23882,0.0
2011-08-26 04:15:01,0.272372,0,1.08121,0,2.43824,0.0,6.23882,0.0
2011-08-26 05:15:01,0.30148400000000003,0,1.08094,0,2.39664,0.0,6.23882,0.0
2011-08-26 06:15:01,0.323712,0,1.0780299999999998,0,2.3166900000000004,0.0,6.23882,0.0
2011-08-26 07:15:01,0.365766,0,1.07958,0,2.22673,0.0,6.23882,0.0
2011-08-26 08:15:01,0.415673,0,1.08361,0,2.08842,0.0,6.23882,0.0
2011-08-26 09:15:01,0.472999,0,1.08255,0,1.93842,0.0,6.23882,0.0
2011-08-26 10:15:01,0.525169,0,1.0893700000000002,0,1.7786099999999998,0.0,6.23882,0.0
2011-08-26 11:15:01,0.572118,0,1.09165,0,1.63201,0.0,6.23882,0.0
2011-08-26 12:15:01,0.583958,0,1.09128,0,1.5422,0.0,6.23882,0.0
2011-08-26 13:15:01,0.551389,0,1.0950799999999998,0,1.55528,0.0,6.23882,0.0
2011-08-26 14:15:01,0.564357,0,1.09506,0,1.6105200000000002,0.0,6.23882,0.0
2011-08-26 15:15:01,0.5407529999999999,0,1.09533,0,1.61575,0.0,6.23882,0.0
2011-08-26 16:15:01,0.50584,0,1.09402,0,1.6981,0.0,6.23882,0.0
2011-08-26 17:15:01,0.468413,0,1.09301,0,1.80459,0.0,6.23882,0.0
2011-08-26 18:15:01,0.419721,0,1.09117,0,1.9245,0.0,6.23882,0.0
2011-08-26 19:15:01,0.510609,0,1.0911,0,1.92713,0.0,6.23882,0.0
2011-08-26 20:15:01,0.401648,0,1.08957,0,1.85057,0.0,6.23882,0.0
2011-08-26 21:15:01,0.406225,0,1.08856,0,2.06225,0.0,6.23882,0.0
2011-08-26 22:15:01,0.775991,0,1.09283,0,1.6792599999999998,0.0,6.23882,0.0
2011-08-26 23:15:01,0.621424,0,1.09299,0,1.09655,0.0,6.23882,0.0
2011-08-27 00:15:01,0.498037,0,1.09102,0,1.53776,0.0,6.23882,0.0
2011-08-27 01:15:01,0.403113,0,1.08721,0,1.8778,0.0,6.23882,0.0
2011-08-27 02:15:01,0.483905,0,1.08837,0,1.97911,0.0,6.23882,0.0
2011-08-27 03:15:01,0.362582,0,1.08618,0,1.93239,0.0,6.23882,0.0
2011-08-27 04:15:01,0.3928,0,1.08567,0,2.14495,0.0,6.23882,0.0
2011-08-27 05:15:01,0.401281,0,1.08416,0,2.07116,0.0,6.23882,0.0
2011-08-27 06:15:01,0.384175,0,1.08303,0,2.06876,0.0,6.23882,0.0
2011-08-27 07:15:01,1.10436,0,1.09333,0,1.21426,0.0,6.23882,0.0
2011-08-27 08:15:01,0.396107,0,1.08968,0,0.739877,0.0,6.23882,0.0
2011-08-27 09:15:01,0.666887,0,1.09271,0,1.81724,0.0,6.23882,0.0
2011-08-27 10:15:01,0.8093090000000001,0,1.0935700000000002,0,1.12899,0.0,6.23882,0.0
2011-08-27 11:15:01,3.25034,0,1.1125,0,2.72357,0.0,6.23882,0.0
2011-08-27 12:15:01,0.4613640000000001,0,1.09865,0,4.96467,0.0,6.23882,0.0
2011-08-27 13:15:01,0.911514,0,1.09867,0,1.48942,0.0,6.23882,0.0
2011-08-27 14:15:01,0.972122,0,1.09095,0,0.500821,0.0,6.23882,0.0
2011-08-27 15:15:01,0.773511,0,1.09677,0,0.57053,0.0,6.23882,0.0
2011-08-27 16:15:01,0.927267,0,1.09323,0,0.804384,0.0,6.23882,0.0
2011-08-27 17:15:01,0.701987,0,1.09116,1,0.730248,0.0,6.23882,0.0
2011-08-27 18:15:01,0.570588,0,1.08472,1,1.30305,0.0,6.23882,0.0
2011-08-27 19:15:01,0.374173,0,1.07958,1,1.7516900000000002,0.0,6.23882,0.0
2011-08-27 20:15:01,0.8787200000000001,0,1.08369,1,1.73537,0.0,6.23882,0.0
2011-08-27 21:15:01,0.410178,0,1.08318,1,1.07524,0.0,6.23882,0.0
2011-08-27 22:15:01,0.405703,0,1.08184,1,2.0245,0.0,6.23882,0.0
2011-08-27 23:15:01,0.353194,0,1.07774,1,2.08359,0.0,6.23882,0.0
2011-08-28 00:15:01,0.373147,0,1.07451,1,2.16187,0.0,6.23882,0.0
2011-08-28 01:15:01,0.582762,0,1.07653,1,1.90093,0.0,6.23882,0.0
2011-08-28 02:15:01,0.472167,0,1.08069,1,1.58785,0.0,6.23882,0.0
2011-08-28 03:15:01,0.5450050000000001,0,1.07521,1,1.7444099999999998,0.0,6.23882,0.0
2011-08-28 04:15:01,0.438515,0,1.07925,1,1.70806,0.0,6.23882,0.0
2011-08-28 05:15:01,0.47719,0,1.08012,1,1.87544,0.0,6.23882,0.0
2011-08-28 06:15:01,0.526521,0,1.07854,1,1.7577200000000002,0.0,6.23882,0.0
2011-08-28 07:15:01,0.5643199999999999,0,1.08655,1,1.62142,0.0,6.23882,0.0
2011-08-28 08:15:01,0.649943,0,1.08751,1,1.46505,0.0,6.23882,0.0
2011-08-28 09:15:01,0.7604489999999999,0,1.08899,1,1.20028,0.0,6.23882,0.0
2011-08-28 10:15:01,0.721757,0,1.09099,1,1.02136,0.0,6.23882,0.0
2011-08-28 11:15:01,0.6301770000000001,0,1.09281,1,1.19527,0.0,6.23882,0.0
2011-08-28 12:15:01,0.690362,0,1.09262,1,1.32406,0.0,6.23882,0.0
2011-08-28 13:15:01,16.4382,0,1.1145,1,16.1505,0.0,6.23882,1.0
2011-08-28 14:15:01,0.609509,0,1.09817,1,31.1962,0.0,6.23882,1.0
2011-08-28 15:15:01,0.755199,0,1.093,1,1.35296,0.0,6.23882,0.0
2011-08-28 16:15:01,0.654656,0,1.08031,1,1.12429,0.0,6.23882,0.0
2011-08-28 17:15:01,0.519371,0,1.08938,1,1.43764,0.0,6.23882,0.0
2011-08-28 18:15:01,0.529381,0,1.08281,1,1.68189,0.0,6.23882,0.0
2011-08-28 19:15:01,0.861031,0,1.0813700000000002,1,1.34178,0.0,6.23882,0.0
2011-08-28 20:15:01,0.35075300000000004,0,1.07312,1,1.1741700000000002,0.0,6.23882,0.0
2011-08-28 21:15:01,0.490844,0,1.06836,1,2.04351,0.0,6.23882,0.0
2011-08-28 22:15:01,0.563041,0,1.0722200000000002,1,1.66988,0.0,6.23882,0.0
2011-08-28 23:15:01,0.554028,0,1.07759,1,1.52883,0.0,6.23882,0.0
2011-08-29 00:15:01,0.512966,0,1.07602,1,1.601,0.0,6.23882,0.0
2011-08-29 01:15:01,0.5623670000000001,0,1.0775,1,1.6429,0.0,6.23882,0.0
2011-08-29 02:15:01,0.728187,0,1.06939,1,1.3766200000000002,0.0,6.23882,0.0
2011-08-29 03:15:01,0.596792,0,1.06999,1,1.17123,0.0,6.23882,0.0
2011-08-29 04:15:01,0.711774,0,1.07841,1,1.30342,0.0,6.23882,0.0
2011-08-29 05:15:01,0.575155,0,1.06889,1,1.21969,0.0,6.23882,0.0
2011-08-29 06:15:01,0.330396,0,1.07564,1,1.74501,0.0,6.23882,0.0
2011-08-29 07:15:01,0.288681,0,1.07656,1,2.2639400000000003,0.0,6.23882,0.0
2011-08-29 08:15:01,0.403388,0,1.07254,1,2.2471,0.0,6.23882,0.0
2011-08-29 09:15:01,0.64337,0,1.08637,1,1.77551,0.0,6.23882,0.0
2011-08-29 10:15:01,2.3189900000000003,0,1.10375,0,2.09095,0.0,6.23882,0.0
2011-08-29 11:15:01,0.34317800000000004,0,1.09163,0,3.2258,0.0,6.23882,0.0
2011-08-29 12:15:01,0.585579,0,1.09153,0,2.0272,0.0,6.23882,0.0
2011-08-29 13:15:01,0.618009,0,1.08661,0,1.48561,0.0,6.23882,0.0
2011-08-29 14:15:01,0.645469,0,1.09406,0,1.38817,0.0,6.23882,0.0
2011-08-29 15:15:01,0.5954189999999999,0,1.09023,0,1.38092,0.0,6.23882,0.0
2011-08-29 16:15:01,0.550024,0,1.08821,0,1.53749,0.0,6.23882,0.0
2011-08-29 17:15:01,0.490252,0,1.08247,0,1.67837,0.0,6.23882,0.0
2011-08-29 18:15:01,0.438234,0,1.07886,0,1.84015,0.0,6.23882,0.0
2011-08-29 19:15:01,0.463242,0,1.0822200000000002,0,1.90409,0.0,6.23882,0.0
2011-08-29 20:15:01,0.452807,0,1.08465,0,1.86064,0.0,6.23882,0.0
2011-08-29 21:15:01,0.439542,0,1.08285,0,1.90393,0.0,6.23882,0.0
2011-08-29 22:15:01,0.5053340000000001,0,1.08395,0,1.86773,0.0,6.23882,0.0
2011-08-29 23:15:01,0.4615770000000001,0,1.07861,0,1.77741,0.0,6.23882,0.0
2011-08-30 00:15:01,0.423332,0,1.07949,0,1.90002,0.0,6.23882,0.0
2011-08-30 01:15:01,0.39918,0,1.08332,0,1.99087,0.0,6.23882,0.0
2011-08-30 02:15:01,0.391259,0,1.0773700000000002,0,2.05269,0.0,6.23882,0.0
2011-08-30 03:15:01,0.379254,0,1.08174,0,2.08225,0.0,6.23882,0.0
2011-08-30 04:15:01,0.398809,0,1.08159,0,2.07917,0.0,6.23882,0.0
2011-08-30 05:15:01,0.401934,0,1.07932,0,2.04552,0.0,6.23882,0.0
2011-08-30 06:15:01,0.417724,0,1.0845,0,2.02091,0.0,6.23882,0.0
2011-08-30 07:15:01,0.45422,0,1.08538,0,1.95346,0.0,6.23882,0.0
2011-08-30 08:15:01,1.27389,0,1.09796,0,1.44906,0.0,6.23882,0.0
2011-08-30 09:15:01,0.375298,0,1.09202,0,1.09969,0.0,6.23882,0.0
2011-08-30 10:15:01,0.704823,0,1.09526,0,1.83253,0.0,6.23882,0.0
2011-08-30 11:15:01,0.781345,0,1.09384,0,1.08831,0.0,6.23882,0.0
2011-08-30 12:15:01,0.768679,0,1.0994700000000002,0,0.952999,0.0,6.23882,0.0
2011-08-30 13:15:01,0.715992,0,1.09663,0,1.0338,0.0,6.23882,0.0
2011-08-30 14:15:01,0.8437680000000001,0,1.09786,0,1.01981,0.0,6.23882,0.0
2011-08-30 15:15:01,0.672999,0,1.09451,0,0.930586,0.0,6.23882,0.0
2011-08-30 16:15:01,0.6348060000000001,0,1.0925200000000002,0,1.30942,0.0,6.23882,0.0
2011-08-30 17:15:01,0.593019,0,1.09135,0,1.4189200000000002,0.0,6.23882,0.0
2011-08-30 18:15:01,0.54237,0,1.0911,0,1.54798,0.0,6.23882,0.0
2011-08-30 19:15:01,0.573458,0,1.08902,0,1.61561,0.0,6.23882,0.0
2011-08-30 20:15:01,0.486845,0,1.08769,0,1.63746,0.0,6.23882,0.0
2011-08-30 21:15:01,0.48936,0,1.08386,0,1.80268,0.0,6.23882,0.0
2011-08-30 22:15:01,0.44793,0,1.08287,0,1.83258,0.0,6.23882,0.0
2011-08-30 23:15:01,0.479469,0,1.08483,0,1.87525,0.0,6.23882,0.0
2011-08-31 00:15:01,0.405943,0,1.08007,0,1.88568,0.0,6.23882,0.0
2011-08-31 01:15:01,0.499382,0,1.08332,0,1.93845,0.0,6.23882,0.0
2011-08-31 02:15:01,0.512362,0,1.08326,0,1.73233,0.0,6.23882,0.0
2011-08-31 03:15:01,0.439007,0,1.08121,0,1.78617,0.0,6.23882,0.0
2011-08-31 04:15:01,0.35448,0,1.08143,0,2.01523,0.0,6.23882,0.0
2011-08-31 05:15:01,0.391626,0,1.0818,0,2.14327,0.0,6.23882,0.0
2011-08-31 06:15:01,0.270987,0,1.07978,0,2.19042,0.0,6.23882,0.0
2011-08-31 07:15:01,0.310193,0,1.08044,0,2.39122,0.0,6.23882,0.0
2011-08-31 08:15:01,0.477793,0,1.08256,0,2.14182,0.0,6.23882,0.0
2011-08-31 09:15:01,0.469675,0,1.08407,0,1.81818,0.0,6.23882,0.0
2011-08-31 10:15:01,0.454564,0,1.08524,0,1.85527,0.0,6.23882,0.0
2011-08-31 11:15:01,0.404239,0,1.08512,0,1.94002,0.0,6.23882,0.0
2011-08-31 12:15:01,0.4350520000000001,0,1.08705,0,2.01208,0.0,6.23882,0.0
2011-08-31 13:15:01,0.512328,0,1.08957,0,1.87485,0.0,6.23882,0.0
2011-08-31 14:15:01,0.528824,0,1.09143,0,1.71018,0.0,6.23882,0.0
2011-08-31 15:15:01,0.462799,0,1.09025,0,1.75012,0.0,6.23882,0.0
2011-08-31 16:15:01,0.451068,0,1.08933,0,1.89646,0.0,6.23882,0.0
2011-08-31 17:15:01,0.360419,0,1.08772,0,2.00728,0.0,6.23882,0.0
2011-08-31 18:15:01,0.326827,0,1.08663,0,2.21871,0.0,6.23882,0.0
2011-08-31 19:15:01,0.344385,0,1.08676,0,2.26402,0.0,6.23882,0.0
2011-08-31 20:15:01,1.33574,0,1.10132,0,1.78036,0.0,6.23882,0.0
2011-08-31 21:15:01,2.64658,0,1.11196,0,2.0432200000000003,0.0,6.23882,0.0
2011-08-31 22:15:01,1.82097,0,1.11098,0,3.79953,0.0,6.23882,0.0
2011-08-31 23:15:01,0.676871,0,1.10122,0,1.85212,0.0,6.23882,0.0
2011-09-01 00:15:01,0.245191,0,1.0914700000000002,0,1.72423,0.0,6.23882,0.0
2011-09-01 01:15:01,0.456543,0,1.09224,0,2.34698,0.0,6.23882,0.0
2011-09-01 02:15:01,0.32069200000000003,0,1.08983,0,2.0414,0.0,6.23882,0.0
2011-09-01 03:15:01,0.225372,0,1.0838299999999998,0,2.40755,0.0,6.23882,0.0
2011-09-01 04:15:01,0.21277,0,1.07531,0,2.59998,0.0,6.23882,0.0
2011-09-01 05:15:01,0.344308,0,1.07159,0,2.47312,0.0,6.23882,0.0
2011-09-01 06:15:01,0.440247,0,1.07439,0,2.09336,0.0,6.23882,0.0
2011-09-01 07:15:01,0.454963,0,1.07978,0,1.88212,0.0,6.23882,0.0
2011-09-01 08:15:01,0.559765,0,1.0829799999999998,0,1.75886,0.0,6.23882,0.0
2011-09-01 09:15:01,0.543029,0,1.08221,0,1.57998,0.0,6.23882,0.0
2011-09-01 10:15:01,0.664867,0,1.07976,0,1.49725,0.0,6.23882,0.0
2011-09-01 11:15:01,0.787771,0,1.08154,0,1.12669,0.0,6.23882,0.0
2011-09-01 12:15:01,0.61214,0,1.0834700000000002,0,1.05338,0.0,6.23882,0.0
2011-09-01 13:15:01,0.572236,0,1.08231,0,1.45004,0.0,6.23882,0.0
2011-09-01 14:15:01,0.716432,0,1.08451,0,1.38835,0.0,6.23882,0.0
2011-09-01 15:15:01,0.709742,0,1.08678,0,1.1065200000000002,0.0,6.23882,0.0
2011-09-01 16:15:01,0.632262,0,1.0869,0,1.20405,0.0,6.23882,0.0
2011-09-01 17:15:01,0.6103390000000001,0,1.08958,0,1.38559,0.0,6.23882,0.0
2011-09-01 18:15:01,0.5768449999999999,0,1.09278,0,1.46585,0.0,6.23882,0.0
2011-09-01 19:15:01,0.602286,0,1.09296,0,1.51596,0.0,6.23882,0.0
2011-09-01 20:15:01,1.7743799999999998,0,1.10435,0,1.66241,0.0,6.23882,0.0
2011-09-01 21:15:01,0.320781,0,1.0939299999999998,0,2.14641,0.0,6.23882,0.0
2011-09-01 22:15:01,0.54687,0,1.09153,0,2.1142,0.0,6.23882,0.0
2011-09-01 23:15:01,0.5385449999999999,0,1.08577,0,1.64711,0.0,6.23882,0.0
2011-09-02 00:15:01,0.5387609999999999,0,1.08976,0,1.65297,0.0,6.23882,0.0
2011-09-02 01:15:01,0.615731,0,1.08719,0,1.56804,0.0,6.23882,0.0
2011-09-02 02:15:01,0.25144,0,1.08334,0,1.78381,0.0,6.23882,0.0
2011-09-02 03:15:01,0.231532,0,1.07734,0,2.52332,0.0,6.23882,0.0
2011-09-02 04:15:01,0.25883,0,1.07456,0,2.5221400000000003,0.0,6.23882,0.0
2011-09-02 05:15:01,0.38591,0,1.0786,0,2.32568,0.0,6.23882,0.0
2011-09-02 06:15:01,0.505359,0,1.0814,0,1.95054,0.0,6.23882,0.0
2011-09-02 07:15:01,0.530896,0,1.0820299999999998,0,1.6969900000000002,0.0,6.23882,0.0
2011-09-02 08:15:01,0.696599,0,1.08552,0,1.48644,0.0,6.23882,0.0
2011-09-02 09:15:01,0.627818,0,1.08294,0,1.22856,0.0,6.23882,0.0
2011-09-02 10:15:01,0.746467,0,1.08783,0,1.25188,0.0,6.23882,0.0
2011-09-02 11:15:01,0.931584,0,1.0950799999999998,0,0.82919,0.0,6.23882,0.0
2011-09-02 12:15:01,0.623455,0,1.08934,0,0.7841060000000001,0.0,6.23882,0.0
2011-09-02 13:15:01,0.646148,0,1.09206,0,1.38644,0.0,6.23882,0.0
2011-09-02 14:15:01,0.673104,0,1.0906,0,1.30535,0.0,6.23882,0.0
2011-09-02 15:15:01,0.730649,0,1.09084,0,1.19787,0.0,6.23882,0.0
2011-09-02 16:15:01,0.657061,0,1.09492,0,1.1536799999999998,0.0,6.23882,0.0
2011-09-02 17:15:01,0.58208,0,1.09206,0,1.38041,0.0,6.23882,0.0
2011-09-02 18:15:01,0.5646869999999999,0,1.09078,0,1.55305,0.0,6.23882,0.0
2011-09-02 19:15:01,0.546337,0,1.08926,0,1.5991799999999998,0.0,6.23882,0.0
2011-09-02 20:15:01,0.555121,0,1.08896,0,1.62302,0.0,6.23882,0.0
2011-09-02 21:15:01,0.529312,0,1.08818,0,1.62793,0.0,6.23882,0.0
2011-09-02 22:15:01,0.5108779999999999,0,1.08628,0,1.69661,0.0,6.23882,0.0
2011-09-02 23:15:01,0.491152,0,1.08511,0,1.74974,0.0,6.23882,0.0
2011-09-03 00:15:01,0.522,0,1.08365,0,1.75337,0.0,6.23882,0.0
2011-09-03 01:15:01,0.52188,0,1.08443,0,1.68799,0.0,6.23882,0.0
2011-09-03 02:15:01,0.35512,0,1.08295,0,1.85286,0.0,6.23882,0.0
2011-09-03 03:15:01,0.315652,0,1.0800299999999998,0,2.22592,0.0,6.23882,0.0
2011-09-03 04:15:01,0.263618,0,1.07903,0,2.351,0.0,6.23882,0.0
2011-09-03 05:15:01,0.28646,0,1.07869,0,2.4254,0.0,6.23882,0.0
2011-09-03 06:15:01,0.309667,0,1.07836,0,2.35416,0.0,6.23882,0.0
2011-09-03 07:15:01,0.353186,0,1.0794700000000002,0,2.26323,0.0,6.23882,0.0
2011-09-03 08:15:01,0.436076,0,1.08104,0,2.09374,0.0,6.23882,0.0
2011-09-03 09:15:01,0.502246,0,1.08375,0,1.86558,0.0,6.23882,0.0
2011-09-03 10:15:01,0.549284,0,1.08678,0,1.69206,0.0,6.23882,0.0
2011-09-03 11:15:01,0.5880890000000001,0,1.08999,0,1.56762,0.0,6.23882,0.0
2011-09-03 12:15:01,0.654857,0,1.09301,0,1.43252,0.0,6.23882,0.0
2011-09-03 13:15:01,0.6499689999999999,0,1.0945200000000002,0,1.31331,0.0,6.23882,0.0
2011-09-03 14:15:01,0.652925,0,1.09515,0,1.32768,0.0,6.23882,0.0
2011-09-03 15:15:01,0.519969,0,1.09382,0,1.4583700000000002,0.0,6.23882,0.0
2011-09-03 16:15:01,0.486096,0,1.09281,0,1.75808,0.0,6.23882,0.0
2011-09-03 17:15:01,0.459643,0,1.0911799999999998,0,1.84862,0.0,6.23882,0.0
2011-09-03 18:15:01,0.41416,0,1.09043,0,1.94335,0.0,6.23882,0.0
2011-09-03 19:15:01,0.412065,0,1.08864,0,2.03241,0.0,6.23882,0.0
2011-09-03 20:15:01,0.384181,0,1.0869799999999998,0,2.0611900000000003,0.0,6.23882,0.0
2011-09-03 21:15:01,0.372935,0,1.0857,0,2.12296,0.0,6.23882,0.0
2011-09-03 22:15:01,0.42395,0,1.08549,0,2.08983,0.0,6.23882,0.0
2011-09-03 23:15:01,0.41822,0,1.08563,0,1.99078,0.0,6.23882,0.0
2011-09-04 00:15:01,0.44819,0,1.0859,0,1.97198,0.0,6.23882,0.0
2011-09-04 01:15:01,0.428403,0,1.08511,0,1.93237,0.0,6.23882,0.0
2011-09-04 02:15:01,0.363232,0,1.084,0,2.03688,0.0,6.23882,0.0
2011-09-04 03:15:01,0.340616,0,1.0828,0,2.1871400000000003,0.0,6.23882,0.0
2011-09-04 04:15:01,0.331957,0,1.08248,0,2.23761,0.0,6.23882,0.0
2011-09-04 05:15:01,0.316251,0,1.0825,0,2.26792,0.0,6.23882,0.0
2011-09-04 06:15:01,0.335284,0,1.08224,0,2.27968,0.0,6.23882,0.0
2011-09-04 07:15:01,0.358704,0,1.0830799999999998,0,2.21797,0.0,6.23882,0.0
2011-09-04 08:15:01,0.421027,0,1.08495,0,2.10912,0.0,6.23882,0.0
2011-09-04 09:15:01,7.4906,0,1.11309,0,7.7297600000000015,0.0,6.23882,1.0
2011-09-04 10:15:01,0.252864,0,1.09714,0,13.6715,0.0,6.23882,1.0
2011-09-04 11:15:01,0.581023,0,1.09343,0,2.33886,0.0,6.23882,0.0
2011-09-04 12:15:01,0.637177,0,1.08216,0,1.48849,0.0,6.23882,0.0
2011-09-04 13:15:01,0.632037,0,1.09234,0,1.3626200000000002,0.0,6.23882,0.0
2011-09-04 14:15:01,0.574429,0,1.08568,0,1.41816,0.0,6.23882,0.0
2011-09-04 15:15:01,0.577585,0,1.08395,0,1.5439200000000002,0.0,6.23882,0.0
2011-09-04 16:15:01,0.534778,0,1.07675,0,1.56536,0.0,6.23882,0.0
2011-09-04 17:15:01,0.549567,0,1.07253,0,1.62553,0.0,6.23882,0.0
2011-09-04 18:15:01,0.556396,0,1.07649,0,1.5705,0.0,6.23882,0.0
2011-09-04 19:15:01,0.441151,0,1.08055,0,1.6676099999999998,0.0,6.23882,0.0
2011-09-04 20:15:01,0.430824,0,1.07851,0,1.92039,0.0,6.23882,0.0
2011-09-04 21:15:01,0.483385,0,1.0798299999999998,0,1.89457,0.0,6.23882,0.0
2011-09-04 22:15:01,0.461466,0,1.07164,0,1.8086,0.0,6.23882,0.0
2011-09-04 23:15:01,0.453391,0,1.07227,0,1.85497,0.0,6.23882,0.0
2011-09-05 00:15:01,0.443285,0,1.07968,0,1.86549,0.0,6.23882,0.0
2011-09-05 01:15:01,0.5339189999999999,0,1.07081,0,1.80372,0.0,6.23882,0.0
2011-09-05 02:15:01,0.454834,0,1.0778299999999998,0,1.70748,0.0,6.23882,0.0
2011-09-05 03:15:01,0.251456,0,1.07798,0,2.05832,0.0,6.23882,0.0
2011-09-05 04:15:01,0.235181,0,1.0734,0,2.49555,0.0,6.23882,0.0
2011-09-05 05:15:01,0.305643,0,1.08091,0,2.45336,0.0,6.23882,0.0
2011-09-05 06:15:01,0.474538,0,1.08361,0,2.14189,0.0,6.23882,0.0
2011-09-05 07:15:01,0.482451,0,1.08457,0,1.81391,0.0,6.23882,0.0
2011-09-05 08:15:01,0.48061,0,1.08575,0,1.80628,0.0,6.23882,0.0
2011-09-05 09:15:01,0.601294,0,1.08847,0,1.69239,0.0,6.23882,0.0
2011-09-05 10:15:01,0.6279939999999999,0,1.09138,0,1.42939,0.0,6.23882,0.0
2011-09-05 11:15:01,0.714286,0,1.09579,0,1.29804,0.0,6.23882,0.0
2011-09-05 12:15:01,0.689013,0,1.09694,0,1.16097,0.0,6.23882,0.0
2011-09-05 13:15:01,0.669391,0,1.0967,0,1.2411,0.0,6.23882,0.0
2011-09-05 14:15:01,0.724363,0,1.09654,0,1.2274200000000002,0.0,6.23882,0.0
2011-09-05 15:15:01,0.673409,0,1.09595,0,1.1678,0.0,6.23882,0.0
2011-09-05 16:15:01,0.660539,0,1.09612,0,1.28168,0.0,6.23882,0.0
2011-09-05 17:15:01,0.5983189999999999,0,1.09444,0,1.36863,0.0,6.23882,0.0
2011-09-05 18:15:01,0.536489,0,1.09251,0,1.55356,0.0,6.23882,0.0
2011-09-05 19:15:01,0.541967,0,1.0910799999999998,0,1.66645,0.0,6.23882,0.0
2011-09-05 20:15:01,0.523636,0,1.08959,0,1.6685299999999998,0.0,6.23882,0.0
2011-09-05 21:15:01,0.495623,0,1.08858,0,1.72885,0.0,6.23882,0.0
2011-09-05 22:15:01,0.608517,0,1.0885,0,1.668,0.0,6.23882,0.0
2011-09-05 23:15:01,0.4927760000000001,0,1.08676,0,1.55585,0.0,6.23882,0.0
2011-09-06 00:15:01,0.5679420000000001,0,1.08705,0,1.71026,0.0,6.23882,0.0
2011-09-06 01:15:01,0.6041270000000001,0,1.08666,0,1.52056,0.0,6.23882,0.0
2011-09-06 02:15:01,0.296783,0,1.08386,0,1.7557200000000002,0.0,6.23882,0.0
2011-09-06 03:15:01,0.217403,0,1.07998,0,2.4462200000000003,0.0,6.23882,0.0
2011-09-06 04:15:01,0.194654,0,1.07745,0,2.61824,0.0,6.23882,0.0
2011-09-06 05:15:01,0.429078,0,1.0804200000000002,0,2.5341400000000003,0.0,6.23882,0.0
2011-09-06 06:15:01,0.533744,0,1.08212,0,1.84341,0.0,6.23882,0.0
2011-09-06 07:15:01,0.535142,0,1.08418,0,1.64032,0.0,6.23882,0.0
2011-09-06 08:15:01,0.524095,0,1.08444,0,1.65403,0.0,6.23882,0.0
2011-09-06 09:15:01,0.59068,0,1.08691,0,1.61392,0.0,6.23882,0.0
2011-09-06 10:15:01,0.60318,0,1.09064,0,1.47124,0.0,6.23882,0.0
2011-09-06 11:15:01,0.617023,0,1.09278,0,1.44107,0.0,6.23882,0.0
2011-09-06 12:15:01,0.67366,0,1.09401,0,1.36635,0.0,6.23882,0.0
2011-09-06 13:15:01,0.620155,0,1.09351,0,1.3121,0.0,6.23882,0.0
2011-09-06 14:15:01,0.646838,0,1.09209,0,1.39439,0.0,6.23882,0.0
2011-09-06 15:15:01,0.605412,0,1.09272,0,1.38002,0.0,6.23882,0.0
2011-09-06 16:15:01,0.6735260000000001,0,1.09463,0,1.39254,0.0,6.23882,0.0
2011-09-06 17:15:01,0.548219,0,1.09253,0,1.3848,0.0,6.23882,0.0
2011-09-06 18:15:01,0.520512,0,1.092,0,1.66484,0.0,6.23882,0.0
2011-09-06 19:15:01,0.457605,0,1.08886,0,1.77842,0.0,6.23882,0.0
2011-09-06 20:15:01,0.21103200000000005,0,1.08429,0,2.14662,0.0,6.23882,0.0
2011-09-06 21:15:01,0.195874,0,1.08074,0,2.64406,0.0,6.23882,0.0
2011-09-06 22:15:01,0.123991,0,1.07685,0,2.7335700000000003,0.0,6.23882,0.0
2011-09-06 23:15:01,0.145673,0,1.07529,0,2.84466,0.0,6.23882,0.0
2011-09-07 00:15:01,0.249133,0,1.0747799999999998,0,2.68851,0.0,6.23882,0.0
2011-09-07 01:15:01,0.29745900000000003,0,1.07544,0,2.42963,0.0,6.23882,0.0
2011-09-07 02:15:01,0.123743,0,1.07324,0,2.50634,0.0,6.23882,0.0
2011-09-07 03:15:01,0.157845,0,1.07319,0,2.8187900000000004,0.0,6.23882,0.0
2011-09-07 04:15:01,0.12152,0,1.07301,0,2.78245,0.0,6.23882,0.0
2011-09-07 05:15:01,0.136963,0,1.07434,0,2.83938,0.0,6.23882,0.0
2011-09-07 06:15:01,0.131991,0,1.07361,0,2.8144400000000003,0.0,6.23882,0.0
2011-09-07 07:15:01,0.207022,0,1.07551,0,2.75128,0.0,6.23882,0.0
2011-09-07 08:15:01,0.173109,0,1.07435,0,2.63557,0.0,6.23882,0.0
2011-09-07 09:15:01,0.233367,0,1.07806,0,2.6457900000000003,0.0,6.23882,0.0
2011-09-07 10:15:01,0.253277,0,1.08174,0,2.50675,0.0,6.23882,0.0
2011-09-07 11:15:01,0.361301,0,1.08767,0,2.36999,0.0,6.23882,0.0
2011-09-07 12:15:01,0.304388,0,1.09177,0,2.22415,0.0,6.23882,0.0
2011-09-07 13:15:01,0.287671,0,1.09325,0,2.37066,0.0,6.23882,0.0
2011-09-07 14:15:01,0.299011,0,1.09356,0,2.4024400000000004,0.0,6.23882,0.0
