timestamp,value,prediction_training,prediction,label,warp_distance,threshold_training,distance_threshold,positive_detection
2014-04-02 14:25:00,0.068,1,0.0,0,0.0,0.0,-1.0,0.0
2014-04-02 14:30:00,0.102,1,0.0,0,0.0,0.0,-1.0,0.0
2014-04-02 14:35:00,0.1,1,0.0,0,0.0,0.0,-1.0,0.0
2014-04-02 14:40:00,0.098,1,0.0,0,0.0,0.0,-1.0,0.0
2014-04-02 14:45:00,0.102,1,0.0,0,0.0,0.0,-1.0,0.0
2014-04-02 14:50:00,0.2,1,0.0,0,0.0,0.0,-1.0,0.0
2014-04-02 14:55:00,0.1,1,0.0,0,0.0,0.0,-1.0,0.0
2014-04-02 15:00:00,29.138,1,0.0,0,0.0,0.0,-1.0,0.0
2014-04-02 15:05:00,92.358,1,0.0,0,0.0,0.0,-1.0,0.0
2014-04-02 15:10:00,89.306,1,0.0,0,0.0,0.0,-1.0,0.0
2014-04-02 15:15:00,89.81,1,0.0,0,0.0,0.0,-1.0,0.0
2014-04-02 15:20:00,20.24,1,0.0,0,0.0,0.0,-1.0,0.0
2014-04-02 15:25:00,0.1,1,0.0,0,0.0,0.0,-1.0,0.0
2014-04-02 15:30:00,0.102,1,0.0,0,0.0,0.0,-1.0,0.0
2014-04-02 15:35:00,0.102,1,0.0,0,0.0,0.0,-1.0,0.0
2014-04-02 15:40:00,0.066,1,0.0,0,0.0,0.0,-1.0,0.0
2014-04-02 15:45:00,0.098,1,0.0,0,0.0,0.0,-1.0,0.0
2014-04-02 15:50:00,0.1,1,0.0,0,0.0,0.0,-1.0,0.0
2014-04-02 15:55:00,0.102,1,0.0,0,0.0,0.0,-1.0,0.0
2014-04-02 16:00:00,0.098,1,0.0,0,0.0,0.0,-1.0,0.0
2014-04-02 16:05:00,0.098,1,0.0,0,0.0,0.0,-1.0,0.0
2014-04-02 16:10:00,0.066,1,0.0,0,0.0,0.0,-1.0,0.0
2014-04-02 16:15:00,0.098,1,0.0,0,0.0,0.0,-1.0,0.0
2014-04-02 16:20:00,0.102,1,0.0,0,0.0,0.0,-1.0,0.0
2014-04-02 16:25:00,0.068,1,0.0,0,0.0,0.0,-1.0,0.0
2014-04-02 16:30:00,0.1,1,0.0,0,0.0,0.0,-1.0,0.0
2014-04-02 16:35:00,0.102,1,0.0,0,0.0,0.0,-1.0,0.0
2014-04-02 16:40:00,0.1,1,0.0,0,0.0,0.0,-1.0,0.0
2014-04-02 16:45:00,0.102,1,0.0,0,0.0,0.0,-1.0,0.0
2014-04-02 16:50:00,0.068,1,0.0,0,0.0,0.0,-1.0,0.0
2014-04-02 16:55:00,0.1,1,0.0,0,0.0,0.0,-1.0,0.0
2014-04-02 17:00:00,0.102,1,0.0,0,0.0,0.0,-1.0,0.0
2014-04-02 17:05:00,73.17,1,0.0,0,0.0,0.0,-1.0,0.0
2014-04-02 17:10:00,84.05,1,0.0,0,0.0,0.0,-1.0,0.0
2014-04-02 17:15:00,94.87,1,0.0,0,0.0,0.0,-1.0,0.0
2014-04-02 17:20:00,68.828,1,0.0,0,0.0,0.0,-1.0,0.0
2014-04-02 17:25:00,0.102,1,0.0,0,0.0,0.0,-1.0,0.0
2014-04-02 17:30:00,0.066,1,0.0,0,0.0,0.0,-1.0,0.0
2014-04-02 17:35:00,0.1,1,0.0,0,0.0,0.0,-1.0,0.0
2014-04-02 17:40:00,8.1,1,0.0,0,0.0,0.0,-1.0,0.0
2014-04-02 17:45:00,94.504,1,0.0,0,0.0,0.0,-1.0,0.0
2014-04-02 17:50:00,0.136,1,0.0,0,0.0,0.0,-1.0,0.0
2014-04-02 17:55:00,0.068,1,0.0,0,0.0,0.0,-1.0,0.0
2014-04-02 18:00:00,0.102,1,0.0,0,0.0,0.0,-1.0,0.0
2014-04-02 18:05:00,0.102,1,0.0,0,0.0,0.0,-1.0,0.0
2014-04-02 18:10:00,0.098,1,0.0,0,0.0,0.0,-1.0,0.0
2014-04-02 18:15:00,95.16,1,0.0,0,0.0,0.0,-1.0,0.0
2014-04-02 18:20:00,7.532,1,0.0,0,0.0,0.0,-1.0,0.0
2014-04-02 18:25:00,76.472,1,0.0,0,0.0,0.0,-1.0,0.0
2014-04-02 18:30:00,86.22200000000002,1,0.0,0,0.0,0.0,-1.0,0.0
2014-04-02 18:35:00,94.076,1,0.0,0,0.0,0.0,-1.0,0.0
2014-04-02 18:40:00,64.882,1,0.0,0,0.0,0.0,-1.0,0.0
2014-04-02 18:45:00,0.102,1,0.0,0,0.0,0.0,-1.0,0.0
2014-04-02 18:50:00,0.066,1,0.0,0,0.0,0.0,-1.0,0.0
2014-04-02 18:55:00,0.102,1,0.0,0,0.0,0.0,-1.0,0.0
2014-04-02 19:00:00,0.1,1,0.0,0,0.0,0.0,-1.0,0.0
2014-04-02 19:05:00,0.1,1,0.0,0,0.0,0.0,-1.0,0.0
2014-04-02 19:10:00,9.866,1,0.0,0,0.0,0.0,-1.0,0.0
2014-04-02 19:15:00,0.1,1,0.0,0,0.0,0.0,-1.0,0.0
2014-04-02 19:20:00,0.1,1,0.0,0,0.0,0.0,-1.0,0.0
2014-04-02 19:25:00,0.068,0,30.8182,0,0.0,1.0,-1.0,0.0
2014-04-02 19:30:00,0.1,0,47.7831,0,0.0,1.0,-1.0,0.0
2014-04-02 19:35:00,0.066,0,51.607,0,0.0,1.0,-1.0,0.0
2014-04-02 19:40:00,0.1,0,54.3502,0,0.0,1.0,-1.0,0.0
2014-04-02 19:45:00,0.1,0,53.7107,0,0.0,1.0,-1.0,0.0
2014-04-02 19:50:00,0.102,0,47.553,0,0.0,1.0,-1.0,0.0
2014-04-02 19:55:00,0.068,0,41.545,0,0.0,1.0,-1.0,0.0
2014-04-02 20:00:00,0.102,0,36.1086,0,0.0,1.0,-1.0,0.0
2014-04-02 20:05:00,0.102,0,34.9258,0,0.0,1.0,-1.0,0.0
2014-04-02 20:10:00,0.068,0,39.1966,0,0.0,1.0,-1.0,0.0
2014-04-02 20:15:00,0.098,0,42.3646,0,0.0,1.0,-1.0,0.0
2014-04-02 20:20:00,0.102,0,45.8865,0,0.0,1.0,-1.0,0.0
2014-04-02 20:25:00,0.1,0,43.0884,0,0.0,1.0,-1.0,0.0
2014-04-02 20:30:00,0.102,0,39.4779,0,0.0,1.0,-1.0,0.0
2014-04-02 20:35:00,0.066,0,37.2559,0,0.0,1.0,-1.0,0.0
2014-04-02 20:40:00,0.102,0,38.8552,0,0.0,1.0,-1.0,0.0
2014-04-02 20:45:00,0.102,0,39.9118,0,0.0,1.0,-1.0,0.0
2014-04-02 20:50:00,0.068,0,45.816,0,0.0,1.0,-1.0,0.0
2014-04-02 20:55:00,0.1,0,46.2451,0,0.0,1.0,-1.0,0.0
2014-04-02 21:00:00,0.102,0,49.0633,0,0.0,1.0,-1.0,0.0
2014-04-02 21:05:00,0.102,0,42.8992,0,0.0,1.0,-1.0,0.0
2014-04-02 21:10:00,0.102,0,41.29,0,0.0,1.0,-1.0,0.0
2014-04-02 21:15:00,0.068,0,38.2962,0,0.0,1.0,-1.0,0.0
2014-04-02 21:20:00,0.1,0,39.9462,0,0.0,1.0,-1.0,0.0
2014-04-02 21:25:00,34.431999999999995,0,44.9307,0,0.0,1.0,-1.0,0.0
2014-04-02 21:30:00,92.866,0,54.1579,0,3121.38,1.0,-1.0,0.0
2014-04-02 21:35:00,91.156,0,54.7017,0,3074.74,1.0,-1.0,0.0
2014-04-02 21:40:00,89.1,0,56.9951,0,2952.08,1.0,-1.0,0.0
2014-04-02 21:45:00,15.3,0,54.6351,0,2951.39,1.0,-1.0,0.0
2014-04-02 21:50:00,0.1,0,51.5608,0,2809.73,1.0,-1.0,0.0
2014-04-02 21:55:00,0.234,0,47.8961,0,2857.99,1.0,-1.0,0.0
2014-04-02 22:00:00,1.068,0,43.06100000000001,0,3090.55,1.0,-1.0,0.0
2014-04-02 22:05:00,97.77,0,44.8762,0,3506.15,1.0,-1.0,0.0
2014-04-02 22:10:00,80.834,0,42.3519,0,3989.45,1.0,-1.0,0.0
2014-04-02 22:15:00,93.612,0,42.8172,0,4413.19,1.0,-1.0,0.0
2014-04-02 22:20:00,51.61,0,41.5499,0,6140.29,1.0,-1.0,0.0
2014-04-02 22:25:00,0.068,0,42.5047,0,6370.23,1.0,-1.0,0.0
2014-04-02 22:30:00,63.90600000000001,0,47.8574,0,6680.11,1.0,-1.0,0.0
2014-04-02 22:35:00,83.068,0,51.0405,0,7108.13,1.0,-1.0,0.0
2014-04-02 22:40:00,97.164,0,55.6159,0,7631.65,1.0,-1.0,0.0
2014-04-02 22:45:00,74.748,0,54.5002,0,8603.29,1.0,-1.0,0.0
2014-04-02 22:50:00,6.166,0,51.1527,0,9114.25,1.0,-1.0,0.0
2014-04-02 22:55:00,0.102,0,49.0371,0,9750.15,1.0,-1.0,0.0
2014-04-02 23:00:00,0.066,0,43.612,0,10564.8,1.0,-1.0,0.0
2014-04-02 23:05:00,0.1,0,41.8233,0,11463.2,1.0,-1.0,0.0
2014-04-02 23:10:00,0.098,0,40.5284,0,12329.3,1.0,-1.0,0.0
2014-04-02 23:15:00,0.068,0,39.9625,0,10326.2,1.0,-1.0,0.0
2014-04-02 23:20:00,0.102,0,44.2329,0,12168.0,1.0,-1.0,0.0
2014-04-02 23:25:00,0.102,0,45.2508,0,12965.2,1.0,-1.0,0.0
2014-04-02 23:30:00,0.102,0,45.1681,0,14055.1,1.0,-1.0,0.0
2014-04-02 23:35:00,0.1,0,44.1321,0,11592.0,1.0,-1.0,0.0
2014-04-02 23:40:00,0.068,0,41.863,0,9476.29,1.0,-1.0,0.0
2014-04-02 23:45:00,0.098,0,42.771,0,9945.06,1.0,-1.0,0.0
2014-04-02 23:50:00,0.1,0,45.6118,0,10720.1,1.0,-1.0,0.0
2014-04-02 23:55:00,0.1,0,47.229,0,11519.0,1.0,-1.0,0.0
2014-04-03 00:00:00,0.102,0,46.129,0,12239.2,1.0,-1.0,0.0
2014-04-03 00:05:00,0.098,0,41.78,0,11721.2,1.0,-1.0,0.0
2014-04-03 00:10:00,0.102,0,34.5516,0,11715.2,1.0,-1.0,0.0
2014-04-03 00:15:00,9.904,0,30.6508,0,13138.2,1.0,-1.0,0.0
2014-04-03 00:20:00,0.102,0,29.4406,0,13116.2,1.0,-1.0,0.0
2014-04-03 00:25:00,0.1,0,32.2578,0,12393.3,1.0,-1.0,0.0
2014-04-03 00:30:00,0.1,0,38.6037,0,12760.4,1.0,-1.0,0.0
2014-04-03 00:35:00,0.068,0,44.1383,0,12880.5,1.0,-1.0,0.0
2014-04-03 00:40:00,55.354,0,50.5438,0,7145.21,1.0,-1.0,0.0
2014-04-03 00:45:00,87.164,0,51.8836,0,3961.11,1.0,-1.0,0.0
2014-04-03 00:50:00,97.528,0,48.9378,0,4037.11,1.0,-1.0,0.0
2014-04-03 00:55:00,76.988,0,46.1721,0,4335.66,1.0,-1.0,0.0
2014-04-03 01:00:00,8.372,0,43.7051,0,4616.61,1.0,-1.0,0.0
2014-04-03 01:05:00,0.068,0,47.4713,0,4797.86,1.0,-1.0,0.0
2014-04-03 01:10:00,0.102,0,50.809,0,4970.19,1.0,-1.0,0.0
2014-04-03 01:15:00,0.1,0,51.2612,0,5148.67,1.0,-1.0,0.0
2014-04-03 01:20:00,0.066,0,50.2312,0,5348.07,1.0,-1.0,0.0
2014-04-03 01:25:00,0.1,0,44.668,0,5689.08,1.0,-1.0,0.0
2014-04-03 01:30:00,0.102,0,44.4403,0,6089.08,1.0,-1.0,0.0
2014-04-03 01:35:00,0.068,0,44.6052,0,6521.45,1.0,-1.0,0.0
2014-04-03 01:40:00,0.1,0,47.79,0,6963.5,1.0,-1.0,0.0
2014-04-03 01:45:00,0.102,0,54.9,0,7384.3,1.0,-1.0,0.0
2014-04-03 01:50:00,0.068,0,58.1348,0,7869.18,1.0,-1.0,0.0
2014-04-03 01:55:00,0.1,0,61.5361,0,8470.63,1.0,-1.0,0.0
2014-04-03 02:00:00,0.1,0,62.678,0,9164.23,1.0,-1.0,0.0
2014-04-03 02:05:00,0.102,0,57.3927,0,9885.02,1.0,-1.0,0.0
2014-04-03 02:10:00,0.1,0,51.1913,0,10545.1,1.0,-1.0,0.0
2014-04-03 02:15:00,0.066,0,41.9233,0,10777.9,1.0,-1.0,0.0
2014-04-03 02:20:00,0.1,0,34.0329,0,13692.9,1.0,-1.0,0.0
2014-04-03 02:25:00,0.1,0,30.6126,0,12776.5,1.0,-1.0,0.0
2014-04-03 02:30:00,0.068,0,30.2758,0,12194.6,1.0,-1.0,0.0
2014-04-03 02:35:00,0.1,0,30.8563,0,12295.3,1.0,-1.0,0.0
2014-04-03 02:40:00,0.1,0,31.4891,0,12685.5,1.0,-1.0,0.0
2014-04-03 02:45:00,0.068,0,31.2158,0,13811.2,1.0,-1.0,0.0
2014-04-03 02:50:00,0.1,0,31.672,0,13780.9,1.0,-1.0,0.0
2014-04-03 02:55:00,0.068,0,32.4013,0,14176.3,1.0,-1.0,0.0
2014-04-03 03:00:00,0.1,0,33.9434,0,14332.2,1.0,-1.0,0.0
2014-04-03 03:05:00,0.066,0,38.1382,0,14338.3,1.0,-1.0,0.0
2014-04-03 03:10:00,0.102,0,42.7187,0,14245.5,1.0,-1.0,0.0
2014-04-03 03:15:00,0.102,0,46.7569,0,14064.5,1.0,-1.0,0.0
2014-04-03 03:20:00,0.068,0,46.7884,0,13867.2,1.0,-1.0,0.0
2014-04-03 03:25:00,0.1,0,41.9189,0,13692.1,1.0,-1.0,0.0
2014-04-03 03:30:00,0.102,0,37.4798,0,13647.8,1.0,-1.0,0.0
2014-04-03 03:35:00,0.068,0,34.7611,0,13601.1,1.0,-1.0,0.0
2014-04-03 03:40:00,0.102,0,37.7695,0,13541.5,1.0,-1.0,0.0
2014-04-03 03:45:00,0.066,0,43.9479,0,13395.4,1.0,-1.0,0.0
2014-04-03 03:50:00,0.102,0,49.8295,0,13067.0,1.0,-1.0,0.0
2014-04-03 03:55:00,0.102,0,54.9539,0,12653.3,1.0,-1.0,0.0
2014-04-03 04:00:00,0.066,0,56.1889,0,12151.5,1.0,-1.0,0.0
2014-04-03 04:05:00,0.102,0,54.8453,0,11615.8,1.0,-1.0,0.0
2014-04-03 04:10:00,0.068,0,52.2851,0,11204.4,1.0,-1.0,0.0
2014-04-03 04:15:00,0.1,0,52.1002,0,10942.1,1.0,-1.0,0.0
2014-04-03 04:20:00,0.1,0,52.5343,0,10913.2,1.0,-1.0,0.0
2014-04-03 04:25:00,0.068,0,52.6955,0,11092.2,1.0,-1.0,0.0
2014-04-03 04:30:00,0.102,0,53.555,0,11374.5,1.0,-1.0,0.0
2014-04-03 04:35:00,0.066,0,52.2467,0,11689.1,1.0,-1.0,0.0
2014-04-03 04:40:00,0.102,0,53.3458,0,12011.1,1.0,-1.0,0.0
2014-04-03 04:45:00,0.1,0,52.9511,0,12338.9,1.0,-1.0,0.0
2014-04-03 04:50:00,0.068,0,51.8683,0,12695.9,1.0,-1.0,0.0
2014-04-03 04:55:00,0.102,0,53.0131,0,13061.3,1.0,-1.0,0.0
2014-04-03 05:00:00,0.102,0,52.7501,0,13430.6,1.0,-1.0,0.0
2014-04-03 05:05:00,0.068,0,52.9272,0,13780.8,1.0,-1.0,0.0
2014-04-03 05:10:00,27.704,0,44.7021,0,5834.44,1.0,-1.0,0.0
2014-04-03 05:15:00,59.966,0,46.5249,0,3159.91,1.0,-1.0,0.0
2014-04-03 05:20:00,0.102,0,44.2599,0,2948.78,1.0,-1.0,0.0
2014-04-03 05:25:00,0.1,0,39.6911,0,2760.6,1.0,-1.0,0.0
2014-04-03 05:30:00,0.1,0,38.6797,0,2714.68,1.0,-1.0,0.0
2014-04-03 05:35:00,0.068,0,43.7078,0,2805.69,1.0,-1.0,0.0
2014-04-03 05:40:00,0.102,0,43.4443,0,2997.14,1.0,-1.0,0.0
2014-04-03 05:45:00,0.102,0,37.202,0,3156.66,1.0,-1.0,0.0
2014-04-03 05:50:00,0.068,0,38.1276,0,3469.96,1.0,-1.0,0.0
2014-04-03 05:55:00,0.102,0,32.888000000000005,0,3916.06,1.0,-1.0,0.0
2014-04-03 06:00:00,14.566,0,37.6847,0,4517.16,1.0,-1.0,0.0
2014-04-03 06:05:00,92.904,0,45.3298,0,4863.62,1.0,-1.0,0.0
2014-04-03 06:10:00,88.82600000000002,0,47.092,0,5154.49,1.0,-1.0,0.0
2014-04-03 06:15:00,91.586,0,48.8213,0,5530.38,1.0,-1.0,0.0
2014-04-03 06:20:00,36.096,0,48.4597,0,8808.56,1.0,-1.0,0.0
2014-04-03 06:25:00,0.102,0,47.7026,0,8709.42,1.0,-1.0,0.0
2014-04-03 06:30:00,0.068,0,49.622,0,8596.32,1.0,-1.0,0.0
2014-04-03 06:35:00,41.698,0,47.8065,0,9220.42,1.0,-1.0,0.0
2014-04-03 06:40:00,89.448,0,46.6757,0,9161.32,1.0,-1.0,0.0
2014-04-03 06:45:00,94.734,0,42.1981,0,9117.78,1.0,-1.0,0.0
2014-04-03 06:50:00,84.742,0,40.3265,0,8870.03,1.0,-1.0,0.0
2014-04-03 06:55:00,13.874,0,39.2907,0,8786.01,1.0,-1.0,0.0
2014-04-03 07:00:00,0.1,0,40.1146,0,9131.52,1.0,-1.0,0.0
2014-04-03 07:05:00,0.068,0,43.195,0,9427.46,1.0,-1.0,0.0
2014-04-03 07:10:00,0.098,0,46.6693,0,8876.25,1.0,-1.0,0.0
2014-04-03 07:15:00,0.1,0,48.6366,0,7341.52,1.0,-1.0,0.0
2014-04-03 07:20:00,0.134,0,49.3337,0,8116.04,1.0,-1.0,0.0
2014-04-03 07:25:00,0.066,0,49.9161,0,8141.64,1.0,-1.0,0.0
2014-04-03 07:30:00,0.1,0,47.4694,0,8621.83,1.0,-1.0,0.0
2014-04-03 07:35:00,0.102,0,45.2968,0,9283.57,1.0,-1.0,0.0
2014-04-03 07:40:00,0.1,0,43.8712,0,10129.0,1.0,-1.0,0.0
2014-04-03 07:45:00,0.066,0,42.8511,0,11259.1,1.0,-1.0,0.0
2014-04-03 07:50:00,0.102,0,45.2293,0,14755.5,1.0,-1.0,0.0
2014-04-03 07:55:00,0.1,0,46.457,0,14118.7,1.0,-1.0,0.0
2014-04-03 08:00:00,85.03399999999998,0,47.3929,0,14527.8,1.0,-1.0,0.0
2014-04-03 08:05:00,85.18799999999997,0,46.9671,0,13738.8,1.0,-1.0,0.0
2014-04-03 08:10:00,92.804,0,43.5113,0,14013.4,1.0,-1.0,0.0
2014-04-03 08:15:00,63.374,0,39.1596,0,21248.5,1.0,-1.0,0.0
2014-04-03 08:20:00,0.102,0,37.4666,0,19758.6,1.0,-1.0,0.0
2014-04-03 08:25:00,0.1,0,39.7263,0,19866.4,1.0,-1.0,0.0
2014-04-03 08:30:00,0.068,0,41.5368,0,19981.6,1.0,-1.0,0.0
2014-04-03 08:35:00,0.1,0,41.5048,0,18463.7,1.0,-1.0,0.0
2014-04-03 08:40:00,0.1,0,40.2682,0,15059.8,1.0,-1.0,0.0
2014-04-03 08:45:00,0.102,0,36.0946,0,11535.5,1.0,-1.0,0.0
2014-04-03 08:50:00,81.764,0,36.4925,0,8402.66,1.0,-1.0,0.0
2014-04-03 08:55:00,83.39200000000002,0,37.1911,0,7955.62,1.0,-1.0,0.0
2014-04-03 09:00:00,94.176,0,42.8244,0,8026.37,1.0,-1.0,0.0
2014-04-03 09:05:00,68.884,0,49.6544,0,8120.9,1.0,-1.0,0.0
2014-04-03 09:10:00,0.1,0,55.7859,0,8317.79,1.0,-1.0,0.0
2014-04-03 09:15:00,0.102,0,62.1487,0,8637.08,1.0,-1.0,0.0
2014-04-03 09:20:00,0.066,0,62.51,0,9049.94,1.0,-1.0,0.0
2014-04-03 09:25:00,0.102,0,57.9251,0,9530.13,1.0,-1.0,0.0
2014-04-03 09:30:00,0.102,0,48.6245,0,10067.7,1.0,-1.0,0.0
2014-04-03 09:35:00,0.1,0,39.0681,0,12419.7,1.0,-1.0,0.0
2014-04-03 09:40:00,0.1,0,37.2926,0,13264.1,1.0,-1.0,0.0
2014-04-03 09:45:00,0.068,0,39.3538,0,13526.8,1.0,-1.0,0.0
2014-04-03 09:50:00,0.102,0,44.6277,0,13804.2,1.0,-1.0,0.0
2014-04-03 09:55:00,0.068,0,49.0655,0,14177.2,1.0,-1.0,0.0
2014-04-03 10:00:00,0.268,0,49.6632,0,14043.8,1.0,-1.0,0.0
2014-04-03 10:05:00,0.1,0,50.9257,0,13944.8,1.0,-1.0,0.0
2014-04-03 10:10:00,0.1,0,49.3658,0,13617.6,1.0,-1.0,0.0
2014-04-03 10:15:00,0.102,0,47.1766,0,13987.5,1.0,-1.0,0.0
2014-04-03 10:20:00,0.068,0,44.1329,0,14085.3,1.0,-1.0,0.0
2014-04-03 10:25:00,0.102,0,41.0751,0,14146.7,1.0,-1.0,0.0
2014-04-03 10:30:00,0.1,0,38.6315,0,14286.6,1.0,-1.0,0.0
2014-04-03 10:35:00,0.068,0,39.4879,0,14489.3,1.0,-1.0,0.0
2014-04-03 10:40:00,0.102,0,37.9784,0,14703.2,1.0,-1.0,0.0
2014-04-03 10:45:00,0.102,0,34.3359,0,14890.5,1.0,-1.0,0.0
2014-04-03 10:50:00,0.068,0,31.7824,0,14988.4,1.0,-1.0,0.0
2014-04-03 10:55:00,0.1,0,31.5306,0,14608.7,1.0,-1.0,0.0
2014-04-03 11:00:00,0.068,0,34.4433,0,13944.4,1.0,-1.0,0.0
2014-04-03 11:05:00,0.1,0,39.9486,0,14188.9,1.0,-1.0,0.0
2014-04-03 11:10:00,0.1,0,45.0881,0,14421.9,1.0,-1.0,0.0
2014-04-03 11:15:00,0.068,0,52.3031,0,14138.5,1.0,-1.0,0.0
2014-04-03 11:20:00,0.1,0,53.905,0,13694.0,1.0,-1.0,0.0
2014-04-03 11:25:00,0.068,0,54.8757,0,13231.4,1.0,-1.0,0.0
2014-04-03 11:30:00,0.1,0,49.7414,0,12876.0,1.0,-1.0,0.0
2014-04-03 11:35:00,0.102,0,39.9148,0,12745.3,1.0,-1.0,0.0
2014-04-03 11:40:00,0.068,0,35.9118,0,12845.1,1.0,-1.0,0.0
2014-04-03 11:45:00,0.102,0,35.3275,0,12987.2,1.0,-1.0,0.0
2014-04-03 11:50:00,0.1,0,38.7178,0,13075.2,1.0,-1.0,0.0
2014-04-03 11:55:00,0.068,0,45.3204,0,13031.9,1.0,-1.0,0.0
2014-04-03 12:00:00,0.102,0,50.7502,0,12880.2,1.0,-1.0,0.0
2014-04-03 12:05:00,0.098,0,56.0099,0,12711.2,1.0,-1.0,0.0
2014-04-03 12:10:00,0.068,0,55.9722,0,12517.0,1.0,-1.0,0.0
2014-04-03 12:15:00,0.1,0,54.3335,0,12366.9,1.0,-1.0,0.0
2014-04-03 12:20:00,0.1,0,51.3512,0,12275.6,1.0,-1.0,0.0
2014-04-03 12:25:00,0.066,0,53.7574,0,12265.5,1.0,-1.0,0.0
2014-04-03 12:30:00,0.102,0,52.3144,0,12341.4,1.0,-1.0,0.0
2014-04-03 12:35:00,0.068,0,52.9478,0,12488.9,1.0,-1.0,0.0
2014-04-03 12:40:00,0.1,0,51.9812,0,12630.1,1.0,-1.0,0.0
2014-04-03 12:45:00,0.102,0,50.4402,0,12821.5,1.0,-1.0,0.0
2014-04-03 12:50:00,0.068,0,51.2113,0,13115.6,1.0,-1.0,0.0
2014-04-03 12:55:00,0.102,0,52.6205,0,13491.2,1.0,-1.0,0.0
2014-04-03 13:00:00,0.066,0,51.4873,0,13893.2,1.0,-1.0,0.0
2014-04-03 13:05:00,0.098,0,54.8211,0,14243.0,1.0,-1.0,0.0
2014-04-03 13:10:00,0.102,0,54.1041,0,14475.7,1.0,-1.0,0.0
2014-04-03 13:15:00,0.068,0,55.2781,0,14593.2,1.0,-1.0,0.0
2014-04-03 13:20:00,0.1,0,53.7526,0,14541.3,1.0,-1.0,0.0
2014-04-03 13:25:00,0.1,0,52.0512,0,14450.0,1.0,-1.0,0.0
2014-04-03 13:30:00,0.066,0,53.0166,0,14333.4,1.0,-1.0,0.0
2014-04-03 13:35:00,0.102,0,52.5691,0,14343.3,1.0,-1.0,0.0
2014-04-03 13:40:00,0.1,0,52.5872,0,14600.9,1.0,-1.0,0.0
2014-04-03 13:45:00,0.068,0,53.1539,0,14972.0,1.0,-1.0,0.0
2014-04-03 13:50:00,0.1,0,51.6493,0,15375.0,1.0,-1.0,0.0
2014-04-03 13:55:00,0.098,0,52.7073,0,15708.8,1.0,-1.0,0.0
2014-04-03 14:00:00,0.066,0,53.3505,0,15892.3,1.0,-1.0,0.0
2014-04-03 14:05:00,0.102,0,51.7367,0,15948.0,1.0,-1.0,0.0
2014-04-03 14:10:00,0.1,0,52.9822,0,15872.4,1.0,-1.0,0.0
2014-04-03 14:15:00,0.1,0,52.8415,0,15795.6,1.0,-1.0,0.0
2014-04-03 14:20:00,0.066,0,51.9973,0,15756.6,1.0,-1.0,0.0
2014-04-03 14:25:00,0.102,0,53.059,0,15788.9,1.0,-1.0,0.0
2014-04-03 14:30:00,0.1,0,52.8451,0,15763.7,1.0,-1.0,0.0
2014-04-03 14:35:00,0.068,0,52.337,0,15772.8,1.0,-1.0,0.0
2014-04-03 14:40:00,0.1,0,53.0432,0,15766.9,1.0,-1.0,0.0
2014-04-03 14:45:00,0.102,0,52.8587,0,15785.3,1.0,-1.0,0.0
2014-04-03 14:50:00,0.098,0,52.8706,0,15842.3,1.0,-1.0,0.0
2014-04-03 14:55:00,0.068,0,52.6115,0,15883.2,1.0,-1.0,0.0
2014-04-03 15:00:00,0.1,0,52.3655,0,15889.5,1.0,-1.0,0.0
2014-04-03 15:05:00,0.1,0,53.0626,0,15924.5,1.0,-1.0,0.0
2014-04-03 15:10:00,0.066,0,52.5524,0,15878.0,1.0,-1.0,0.0
2014-04-03 15:15:00,0.098,0,53.0259,0,15846.2,1.0,-1.0,0.0
2014-04-03 15:20:00,0.102,0,52.9019,0,15784.8,1.0,-1.0,0.0
2014-04-03 15:25:00,0.068,0,52.2937,0,15759.2,1.0,-1.0,0.0
2014-04-03 15:30:00,0.1,0,52.7996,0,15773.8,1.0,-1.0,0.0
2014-04-03 15:35:00,0.1,0,52.6844,0,15765.8,1.0,-1.0,0.0
2014-04-03 15:40:00,0.068,0,52.3122,0,15768.8,1.0,-1.0,0.0
2014-04-03 15:45:00,0.1,0,52.6808,0,15770.2,1.0,-1.0,0.0
2014-04-03 15:50:00,0.1,0,52.535,0,15758.3,1.0,-1.0,0.0
2014-04-03 15:55:00,0.066,0,53.0609,0,15783.4,1.0,-1.0,0.0
2014-04-03 16:00:00,0.102,0,52.5809,0,15782.6,1.0,-1.0,0.0
2014-04-03 16:05:00,0.102,0,52.4434,0,15766.5,1.0,-1.0,0.0
2014-04-03 16:10:00,0.068,0,52.7415,0,15789.8,1.0,-1.0,0.0
2014-04-03 16:15:00,0.102,0,51.8407,0,15783.0,1.0,-1.0,0.0
2014-04-03 16:20:00,0.098,0,52.6766,0,15777.7,1.0,-1.0,0.0
2014-04-03 16:25:00,0.064,0,52.5763,0,15794.3,1.0,-1.0,0.0
2014-04-03 16:30:00,0.102,0,51.8992,0,15784.8,1.0,-1.0,0.0
2014-04-03 16:35:00,70.074,0,44.5203,0,5291.05,1.0,-1.0,0.0
2014-04-03 16:40:00,84.448,0,46.8863,0,5301.88,1.0,-1.0,0.0
2014-04-03 16:45:00,96.396,0,46.9591,0,5362.14,1.0,-1.0,0.0
2014-04-03 16:50:00,71.288,0,45.4946,0,5425.36,1.0,-1.0,0.0
2014-04-03 16:55:00,4.3039999999999985,0,43.2902,0,5514.28,1.0,-1.0,0.0
2014-04-03 17:00:00,0.1,0,43.5219,0,5621.4,1.0,-1.0,0.0
2014-04-03 17:05:00,82.352,0,45.2873,0,5743.84,1.0,-1.0,0.0
2014-04-03 17:10:00,85.35,0,48.0298,0,5907.55,1.0,-1.0,0.0
2014-04-03 17:15:00,92.738,0,45.3505,0,6084.99,1.0,-1.0,0.0
2014-04-03 17:20:00,66.72800000000001,0,41.4913,0,8261.48,1.0,-1.0,0.0
2014-04-03 17:25:00,0.102,0,40.4208,0,8367.94,1.0,-1.0,0.0
2014-04-03 17:30:00,0.098,0,40.8759,0,8489.52,1.0,-1.0,0.0
2014-04-03 17:35:00,0.102,0,42.5802,0,7345.54,1.0,-1.0,0.0
2014-04-03 17:40:00,0.102,0,47.1791,0,7622.57,1.0,-1.0,0.0
2014-04-03 17:45:00,0.068,0,46.8961,0,7919.0,1.0,-1.0,0.0
2014-04-03 17:50:00,0.1,0,48.6006,0,8253.78,1.0,-1.0,0.0
2014-04-03 17:55:00,0.098,0,51.6399,0,8617.21,1.0,-1.0,0.0
2014-04-03 18:00:00,0.1,0,49.8359,0,9026.74,1.0,-1.0,0.0
2014-04-03 18:05:00,0.066,0,48.4457,0,9457.12,1.0,-1.0,0.0
2014-04-03 18:10:00,0.1,0,45.9206,0,9916.01,1.0,-1.0,0.0
2014-04-03 18:15:00,0.304,0,43.5383,0,10409.5,1.0,-1.0,0.0
2014-04-03 18:20:00,0.098,0,46.0561,0,10578.9,1.0,-1.0,0.0
2014-04-03 18:25:00,0.098,0,47.8461,0,11130.5,1.0,-1.0,0.0
2014-04-03 18:30:00,0.064,0,45.7991,0,11709.2,1.0,-1.0,0.0
2014-04-03 18:35:00,0.098,0,41.4183,0,12301.6,1.0,-1.0,0.0
2014-04-03 18:40:00,0.1,0,34.6575,0,12373.4,1.0,-1.0,0.0
2014-04-03 18:45:00,0.1,0,30.1156,0,12200.3,1.0,-1.0,0.0
2014-04-03 18:50:00,0.1,0,29.2181,0,11938.8,1.0,-1.0,0.0
2014-04-03 18:55:00,76.33800000000002,0,33.114000000000004,0,12264.0,1.0,-1.0,0.0
2014-04-03 19:00:00,83.70200000000001,0,38.4706,0,12672.8,1.0,-1.0,0.0
2014-04-03 19:05:00,94.232,0,42.0642,0,12792.0,1.0,-1.0,0.0
2014-04-03 19:10:00,73.16199999999998,0,43.793,0,16362.5,1.0,-1.0,0.0
2014-04-03 19:15:00,1.666,0,42.2853,0,12204.6,1.0,-1.0,0.0
2014-04-03 19:20:00,0.102,0,40.2404,0,9391.85,1.0,-1.0,0.0
2014-04-03 19:25:00,0.1,0,38.1512,0,9359.94,1.0,-1.0,0.0
2014-04-03 19:30:00,0.066,0,41.0804,0,9307.95,1.0,-1.0,0.0
2014-04-03 19:35:00,0.102,0,42.5628,0,9275.52,1.0,-1.0,0.0
2014-04-03 19:40:00,0.1,0,46.0068,0,9295.96,1.0,-1.0,0.0
2014-04-03 19:45:00,0.1,0,48.7047,0,9448.1,1.0,-1.0,0.0
2014-04-03 19:50:00,0.098,0,48.3962,0,9614.68,1.0,-1.0,0.0
2014-04-03 19:55:00,0.068,0,47.9363,0,9846.1,1.0,-1.0,0.0
2014-04-03 20:00:00,0.102,0,49.164,0,10176.8,1.0,-1.0,0.0
2014-04-03 20:05:00,0.098,0,50.77,0,10491.2,1.0,-1.0,0.0
2014-04-03 20:10:00,35.118,0,57.2021,0,14685.8,1.0,-1.0,0.0
2014-04-03 20:15:00,92.422,0,63.5236,0,14637.9,1.0,-1.0,0.0
2014-04-03 20:20:00,89.13600000000002,0,65.1048,0,14674.1,1.0,-1.0,0.0
2014-04-03 20:25:00,88.044,0,60.1548,0,14662.0,1.0,-1.0,0.0
2014-04-03 20:30:00,28.734,0,51.2779,0,14627.2,1.0,-1.0,0.0
2014-04-03 20:35:00,0.1,0,42.6301,0,14680.7,1.0,-1.0,0.0
2014-04-03 20:40:00,0.066,0,36.8973,0,14875.6,1.0,-1.0,0.0
2014-04-03 20:45:00,0.102,0,36.4389,0,15792.8,1.0,-1.0,0.0
2014-04-03 20:50:00,0.1,0,35.8167,0,16076.5,1.0,-1.0,0.0
2014-04-03 20:55:00,0.098,0,32.3832,0,13317.5,1.0,-1.0,0.0
2014-04-03 21:00:00,0.098,0,31.4965,0,10469.0,1.0,-1.0,0.0
2014-04-03 21:05:00,0.066,0,32.1374,0,7300.03,1.0,-1.0,0.0
2014-04-03 21:10:00,0.1,0,34.4721,0,4941.07,1.0,-1.0,0.0
2014-04-03 21:15:00,0.098,0,39.4279,0,5211.61,1.0,-1.0,0.0
2014-04-03 21:20:00,0.1,0,46.2799,0,5608.4,1.0,-1.0,0.0
2014-04-03 21:25:00,57.01,0,53.8062,0,6062.1,1.0,-1.0,0.0
2014-04-03 21:30:00,85.39399999999998,0,60.8791,0,6597.8,1.0,-1.0,0.0
2014-04-03 21:35:00,97.366,0,59.8422,0,7661.9,1.0,-1.0,0.0
2014-04-03 21:40:00,78.89,0,53.1601,0,8117.11,1.0,-1.0,0.0
2014-04-03 21:45:00,75.3,0,45.9545,0,8494.12,1.0,-1.0,0.0
2014-04-03 21:50:00,84.132,0,42.1581,0,8825.74,1.0,-1.0,0.0
2014-04-03 21:55:00,97.442,0,42.1638,0,9208.35,1.0,-1.0,0.0
2014-04-03 22:00:00,75.226,0,44.9821,0,9622.28,1.0,-1.0,0.0
2014-04-03 22:05:00,8.332,0,45.1997,0,10027.1,1.0,-1.0,0.0
2014-04-03 22:10:00,1.052,0,45.745,0,10421.3,1.0,-1.0,0.0
2014-04-03 22:15:00,0.098,0,44.6159,0,13410.2,1.0,-1.0,0.0
2014-04-03 22:20:00,0.066,0,43.1593,0,10482.2,1.0,-1.0,0.0
2014-04-03 22:25:00,0.102,0,40.3959,0,7679.13,1.0,-1.0,0.0
2014-04-03 22:30:00,0.098,0,38.3762,0,7260.2,1.0,-1.0,0.0
2014-04-03 22:35:00,0.102,0,42.883,0,7840.06,1.0,-1.0,0.0
2014-04-03 22:40:00,0.068,0,49.0277,0,8233.41,1.0,-1.0,0.0
2014-04-03 22:45:00,0.098,0,55.3998,0,8511.14,1.0,-1.0,0.0
2014-04-03 22:50:00,0.102,0,58.3913,0,8812.31,1.0,-1.0,0.0
2014-04-03 22:55:00,0.1,0,55.26600000000001,0,9135.17,1.0,-1.0,0.0
2014-04-03 23:00:00,1.832,0,50.9201,0,9401.11,1.0,-1.0,0.0
2014-04-03 23:05:00,99.016,0,48.6328,0,9668.48,1.0,-1.0,0.0
2014-04-03 23:10:00,85.57799999999997,0,47.9571,0,10936.6,1.0,-1.0,0.0
2014-04-03 23:15:00,92.564,0,47.6442,0,11257.2,1.0,-1.0,0.0
2014-04-03 23:20:00,51.056,0,45.3957,0,12788.6,1.0,-1.0,0.0
2014-04-03 23:25:00,0.102,0,43.5788,0,13331.8,1.0,-1.0,0.0
2014-04-03 23:30:00,0.102,0,43.7232,0,25029.0,1.0,-1.0,0.0
2014-04-03 23:35:00,0.066,0,40.6971,0,21661.3,1.0,-1.0,0.0
2014-04-03 23:40:00,0.1,0,39.4111,0,19007.8,1.0,-1.0,0.0
2014-04-03 23:45:00,0.102,0,33.6607,0,16062.2,1.0,-1.0,0.0
2014-04-03 23:50:00,0.1,0,32.8058,0,13782.7,1.0,-1.0,0.0
2014-04-03 23:55:00,0.068,0,36.121,0,9906.0,1.0,-1.0,0.0
2014-04-04 00:00:00,0.102,0,39.2759,0,7047.79,1.0,-1.0,0.0
2014-04-04 00:05:00,0.102,0,42.68,0,6982.87,1.0,-1.0,0.0
2014-04-04 00:10:00,0.1,0,45.7613,0,7245.51,1.0,-1.0,0.0
2014-04-04 00:15:00,45.106,0,48.685,0,13672.8,1.0,-1.0,0.0
2014-04-04 00:20:00,88.398,0,54.8315,0,13820.6,1.0,-1.0,0.0
2014-04-04 00:25:00,92.802,0,57.3807,0,14418.9,1.0,-1.0,0.0
2014-04-04 00:30:00,87.72,0,55.5973,0,14513.3,1.0,-1.0,0.0
2014-04-04 00:35:00,16.736,0,51.4785,0,14591.8,1.0,-1.0,0.0
2014-04-04 00:40:00,0.102,0,48.4255,0,14830.8,1.0,-1.0,0.0
2014-04-04 00:45:00,0.068,0,46.9276,0,15065.0,1.0,-1.0,0.0
2014-04-04 00:50:00,0.102,0,47.6344,0,15176.5,1.0,-1.0,0.0
2014-04-04 00:55:00,0.1,0,46.82,0,15249.1,1.0,-1.0,0.0
2014-04-04 01:00:00,0.066,0,43.6422,0,15367.7,1.0,-1.0,0.0
2014-04-04 01:05:00,0.1,0,42.8672,0,11837.4,1.0,-1.0,0.0
2014-04-04 01:10:00,0.102,0,40.5584,0,9014.76,1.0,-1.0,0.0
2014-04-04 01:15:00,1.4340000000000002,0,39.0997,0,6068.58,1.0,-1.0,0.0
2014-04-04 01:20:00,0.068,0,39.2895,0,4752.97,1.0,-1.0,0.0
2014-04-04 01:25:00,0.102,0,43.5165,0,5368.36,1.0,-1.0,0.0
2014-04-04 01:30:00,0.068,0,51.2669,0,5994.84,1.0,-1.0,0.0
2014-04-04 01:35:00,0.102,0,56.8125,0,6676.01,1.0,-1.0,0.0
2014-04-04 01:40:00,0.1,0,58.5938,0,7332.8,1.0,-1.0,0.0
2014-04-04 01:45:00,0.068,0,52.8861,0,8010.31,1.0,-1.0,0.0
2014-04-04 01:50:00,0.136,0,42.8463,0,8585.53,1.0,-1.0,0.0
2014-04-04 01:55:00,0.068,0,34.2664,0,9170.88,1.0,-1.0,0.0
2014-04-04 02:00:00,0.102,0,31.9572,0,10504.9,1.0,-1.0,0.0
2014-04-04 02:05:00,0.1,0,34.1681,0,10737.4,1.0,-1.0,0.0
2014-04-04 02:10:00,0.066,0,39.2167,0,11451.9,1.0,-1.0,0.0
2014-04-04 02:15:00,0.102,0,42.9845,0,12279.9,1.0,-1.0,0.0
2014-04-04 02:20:00,0.102,0,46.8474,0,13029.6,1.0,-1.0,0.0
2014-04-04 02:25:00,0.066,0,44.6265,0,13166.3,1.0,-1.0,0.0
2014-04-04 02:30:00,0.1,0,42.4214,0,13500.3,1.0,-1.0,0.0
2014-04-04 02:35:00,0.1,0,38.2895,0,13453.8,1.0,-1.0,0.0
2014-04-04 02:40:00,0.1,0,37.6146,0,13293.9,1.0,-1.0,0.0
2014-04-04 02:45:00,0.1,0,41.9766,0,13199.0,1.0,-1.0,0.0
2014-04-04 02:50:00,0.102,0,45.8533,0,13135.4,1.0,-1.0,0.0
2014-04-04 02:55:00,0.102,0,46.7074,0,13054.7,1.0,-1.0,0.0
2014-04-04 03:00:00,0.066,0,42.0541,0,12995.7,1.0,-1.0,0.0
2014-04-04 03:05:00,0.102,0,37.3741,0,13011.9,1.0,-1.0,0.0
2014-04-04 03:10:00,0.1,0,34.8115,0,13042.7,1.0,-1.0,0.0
2014-04-04 03:15:00,0.068,0,37.2012,0,13127.3,1.0,-1.0,0.0
2014-04-04 03:20:00,0.102,0,42.9317,0,13211.6,1.0,-1.0,0.0
2014-04-04 03:25:00,0.098,0,49.223,0,13296.1,1.0,-1.0,0.0
2014-04-04 03:30:00,0.102,0,54.301,0,13284.0,1.0,-1.0,0.0
2014-04-04 03:35:00,0.066,0,56.3505,0,13089.8,1.0,-1.0,0.0
2014-04-04 03:40:00,0.102,0,55.1978,0,12762.0,1.0,-1.0,0.0
2014-04-04 03:45:00,0.068,0,52.9624,0,12387.2,1.0,-1.0,0.0
2014-04-04 03:50:00,0.102,0,52.1094,0,12151.2,1.0,-1.0,0.0
2014-04-04 03:55:00,0.1,0,42.0574,0,12163.8,1.0,-1.0,0.0
2014-04-04 04:00:00,0.068,0,39.5749,0,12390.9,1.0,-1.0,0.0
2014-04-04 04:05:00,0.1,0,41.5232,0,12681.0,1.0,-1.0,0.0
2014-04-04 04:10:00,0.068,0,46.2666,0,12924.5,1.0,-1.0,0.0
2014-04-04 04:15:00,0.1,0,47.1454,0,13054.9,1.0,-1.0,0.0
2014-04-04 04:20:00,0.1,0,50.5028,0,13098.9,1.0,-1.0,0.0
2014-04-04 04:25:00,0.068,0,51.4625,0,13053.1,1.0,-1.0,0.0
2014-04-04 04:30:00,0.102,0,55.0355,0,13068.2,1.0,-1.0,0.0
2014-04-04 04:35:00,0.068,0,50.9908,0,13148.8,1.0,-1.0,0.0
2014-04-04 04:40:00,0.102,0,52.8357,0,13341.3,1.0,-1.0,0.0
2014-04-04 04:45:00,0.102,0,52.3606,0,13565.3,1.0,-1.0,0.0
2014-04-04 04:50:00,0.068,0,51.9212,0,13695.0,1.0,-1.0,0.0
2014-04-04 04:55:00,0.102,0,52.9286,0,13737.7,1.0,-1.0,0.0
2014-04-04 05:00:00,0.068,0,51.417,0,13765.3,1.0,-1.0,0.0
2014-04-04 05:05:00,0.234,0,54.1804,0,13944.5,1.0,-1.0,0.0
2014-04-04 05:10:00,0.1,0,53.3524,0,14218.2,1.0,-1.0,0.0
2014-04-04 05:15:00,0.1,0,52.5246,0,14573.7,1.0,-1.0,0.0
2014-04-04 05:20:00,0.068,0,51.6482,0,14885.9,1.0,-1.0,0.0
2014-04-04 05:25:00,0.1,0,51.1353,0,15069.7,1.0,-1.0,0.0
2014-04-04 05:30:00,0.102,0,53.7324,0,15104.4,1.0,-1.0,0.0
2014-04-04 05:35:00,0.098,0,51.7599,0,15018.5,1.0,-1.0,0.0
2014-04-04 05:40:00,0.102,0,52.0758,0,14877.5,1.0,-1.0,0.0
2014-04-04 05:45:00,0.1,0,51.6878,0,14762.6,1.0,-1.0,0.0
2014-04-04 05:50:00,0.068,0,51.6833,0,14699.0,1.0,-1.0,0.0
2014-04-04 05:55:00,0.102,0,52.6924,0,14655.8,1.0,-1.0,0.0
2014-04-04 06:00:00,9.804,0,45.3015,0,12033.1,1.0,-1.0,0.0
2014-04-04 06:05:00,0.066,0,44.5183,0,12314.5,1.0,-1.0,0.0
2014-04-04 06:10:00,0.102,0,40.8563,0,12563.5,1.0,-1.0,0.0
2014-04-04 06:15:00,74.804,0,44.4361,0,7266.11,1.0,-1.0,0.0
2014-04-04 06:20:00,86.67,0,47.1739,0,7183.72,1.0,-1.0,0.0
2014-04-04 06:25:00,93.704,0,47.3566,0,7205.72,1.0,-1.0,0.0
2014-04-04 06:30:00,72.57600000000002,0,45.2729,0,7354.04,1.0,-1.0,0.0
2014-04-04 06:35:00,4.2,0,43.4517,0,7481.83,1.0,-1.0,0.0
2014-04-04 06:40:00,0.102,0,43.4851,0,7532.91,1.0,-1.0,0.0
2014-04-04 06:45:00,0.066,0,42.3968,0,7652.06,1.0,-1.0,0.0
2014-04-04 06:50:00,0.1,0,43.6185,0,7783.38,1.0,-1.0,0.0
2014-04-04 06:55:00,0.068,0,39.5176,0,7925.75,1.0,-1.0,0.0
2014-04-04 07:00:00,0.102,0,35.4723,0,8113.5,1.0,-1.0,0.0
2014-04-04 07:05:00,0.102,0,36.6085,0,8272.95,1.0,-1.0,0.0
2014-04-04 07:10:00,0.068,0,36.452,0,8522.05,1.0,-1.0,0.0
2014-04-04 07:15:00,0.102,0,40.5405,0,8768.51,1.0,-1.0,0.0
2014-04-04 07:20:00,0.066,0,45.9752,0,9016.74,1.0,-1.0,0.0
2014-04-04 07:25:00,0.1,0,49.5849,0,9267.87,1.0,-1.0,0.0
2014-04-04 07:30:00,0.066,0,55.6093,0,9534.8,1.0,-1.0,0.0
2014-04-04 07:35:00,0.102,0,58.6291,0,9900.95,1.0,-1.0,0.0
2014-04-04 07:40:00,0.068,0,55.9687,0,10257.5,1.0,-1.0,0.0
2014-04-04 07:45:00,0.102,0,49.9179,0,10657.1,1.0,-1.0,0.0
2014-04-04 07:50:00,0.068,0,40.6339,0,11077.4,1.0,-1.0,0.0
2014-04-04 07:55:00,0.066,0,33.2661,0,11516.4,1.0,-1.0,0.0
2014-04-04 08:00:00,0.1,0,30.4673,0,11731.1,1.0,-1.0,0.0
2014-04-04 08:05:00,0.102,0,30.2847,0,12034.4,1.0,-1.0,0.0
2014-04-04 08:10:00,0.068,0,30.6259,0,12320.3,1.0,-1.0,0.0
2014-04-04 08:15:00,0.102,0,30.9817,0,12501.4,1.0,-1.0,0.0
2014-04-04 08:20:00,0.068,0,31.016,0,12472.3,1.0,-1.0,0.0
2014-04-04 08:25:00,0.098,0,31.8768,0,12324.5,1.0,-1.0,0.0
2014-04-04 08:30:00,0.1,0,32.931,0,12694.7,1.0,-1.0,0.0
2014-04-04 08:35:00,0.068,0,34.8815,0,12676.2,1.0,-1.0,0.0
2014-04-04 08:40:00,0.1,0,39.1483,0,12594.5,1.0,-1.0,0.0
2014-04-04 08:45:00,0.068,0,42.7607,0,12506.8,1.0,-1.0,0.0
2014-04-04 08:50:00,0.102,0,46.7054,0,12446.4,1.0,-1.0,0.0
2014-04-04 08:55:00,0.1,0,45.8235,0,12359.0,1.0,-1.0,0.0
2014-04-04 09:00:00,0.1,0,40.6016,0,12377.1,1.0,-1.0,0.0
2014-04-04 09:05:00,0.1,0,36.6851,0,12497.4,1.0,-1.0,0.0
2014-04-04 09:10:00,0.068,0,35.8263,0,12589.7,1.0,-1.0,0.0
2014-04-04 09:15:00,0.102,0,39.3127,0,12686.0,1.0,-1.0,0.0
2014-04-04 09:20:00,0.068,0,44.9019,0,12682.0,1.0,-1.0,0.0
2014-04-04 09:25:00,0.1,0,50.5604,0,12547.4,1.0,-1.0,0.0
2014-04-04 09:30:00,0.068,0,55.82100000000001,0,12326.2,1.0,-1.0,0.0
2014-04-04 09:35:00,0.102,0,56.1586,0,11961.6,1.0,-1.0,0.0
2014-04-04 09:40:00,0.234,0,54.6188,0,11549.7,1.0,-1.0,0.0
2014-04-04 09:45:00,0.236,0,51.8966,0,11166.9,1.0,-1.0,0.0
2014-04-04 09:50:00,0.068,0,53.1261,0,10933.7,1.0,-1.0,0.0
2014-04-04 09:55:00,0.134,0,51.3772,0,10936.1,1.0,-1.0,0.0
2014-04-04 10:00:00,0.1,0,52.1538,0,11132.1,1.0,-1.0,0.0
2014-04-04 10:05:00,0.066,0,53.6722,0,11417.1,1.0,-1.0,0.0
2014-04-04 10:10:00,0.102,0,52.7539,0,11731.6,1.0,-1.0,0.0
2014-04-04 10:15:00,0.102,0,51.7044,0,12058.8,1.0,-1.0,0.0
2014-04-04 10:20:00,0.102,0,51.5062,0,12399.8,1.0,-1.0,0.0
2014-04-04 10:25:00,0.068,0,48.2848,0,12759.6,1.0,-1.0,0.0
2014-04-04 10:30:00,0.102,0,50.5332,0,13115.2,1.0,-1.0,0.0
2014-04-04 10:35:00,0.068,0,50.4627,0,13464.6,1.0,-1.0,0.0
2014-04-04 10:40:00,0.102,0,51.7217,0,13781.9,1.0,-1.0,0.0
2014-04-04 10:45:00,0.066,0,52.9494,0,14010.6,1.0,-1.0,0.0
2014-04-04 10:50:00,95.066,0,44.5121,0,12612.6,1.0,-1.0,0.0
2014-04-04 10:55:00,82.086,0,46.8203,0,10401.1,1.0,-1.0,0.0
2014-04-04 11:00:00,93.218,0,46.5238,0,10094.7,1.0,-1.0,0.0
2014-04-04 11:05:00,61.168,0,44.621,0,5882.17,1.0,-1.0,0.0
2014-04-04 11:10:00,0.102,0,43.0223,0,5595.77,1.0,-1.0,0.0
2014-04-04 11:15:00,0.066,0,44.0459,0,5304.99,1.0,-1.0,0.0
2014-04-04 11:20:00,0.102,0,42.0202,0,5121.49,1.0,-1.0,0.0
2014-04-04 11:25:00,0.068,0,43.4559,0,5096.58,1.0,-1.0,0.0
2014-04-04 11:30:00,0.102,0,38.3182,0,5241.6,1.0,-1.0,0.0
2014-04-04 11:35:00,0.1,0,34.9718,0,5544.48,1.0,-1.0,0.0
2014-04-04 11:40:00,0.068,0,36.2547,0,5880.45,1.0,-1.0,0.0
2014-04-04 11:45:00,0.1,0,36.1572,0,6209.23,1.0,-1.0,0.0
2014-04-04 11:50:00,0.068,0,40.4149,0,6505.78,1.0,-1.0,0.0
2014-04-04 11:55:00,0.1,0,46.2031,0,6861.87,1.0,-1.0,0.0
2014-04-04 12:00:00,0.1,0,49.9306,0,7213.58,1.0,-1.0,0.0
2014-04-04 12:05:00,0.068,0,56.4856,0,7626.01,1.0,-1.0,0.0
2014-04-04 12:10:00,0.102,0,58.6362,0,8122.67,1.0,-1.0,0.0
2014-04-04 12:15:00,0.068,0,55.0448,0,8647.56,1.0,-1.0,0.0
2014-04-04 12:20:00,0.102,0,48.3416,0,9192.84,1.0,-1.0,0.0
2014-04-04 12:25:00,0.068,0,39.1883,0,9773.06,1.0,-1.0,0.0
2014-04-04 12:30:00,0.102,0,32.756,0,10301.3,1.0,-1.0,0.0
2014-04-04 12:35:00,0.068,0,30.6283,0,10906.5,1.0,-1.0,0.0
2014-04-04 12:40:00,0.102,0,30.6766,0,11529.1,1.0,-1.0,0.0
2014-04-04 12:45:00,0.068,0,30.8217,0,12204.1,1.0,-1.0,0.0
2014-04-04 12:50:00,0.102,0,31.2189,0,12172.1,1.0,-1.0,0.0
2014-04-04 12:55:00,0.068,0,31.0816,0,12242.6,1.0,-1.0,0.0
2014-04-04 13:00:00,0.098,0,31.7571,0,12086.1,1.0,-1.0,0.0
2014-04-04 13:05:00,0.068,0,32.9045,0,12708.6,1.0,-1.0,0.0
2014-04-04 13:10:00,0.102,0,35.0026,0,12602.4,1.0,-1.0,0.0
2014-04-04 13:15:00,0.102,0,40.2277,0,12525.7,1.0,-1.0,0.0
2014-04-04 13:20:00,0.066,0,43.4358,0,12421.5,1.0,-1.0,0.0
2014-04-04 13:25:00,0.102,0,47.1755,0,12366.4,1.0,-1.0,0.0
2014-04-04 13:30:00,0.066,0,44.62,0,12281.5,1.0,-1.0,0.0
2014-04-04 13:35:00,0.1,0,39.3056,0,12326.1,1.0,-1.0,0.0
2014-04-04 13:40:00,0.068,0,35.5512,0,12454.7,1.0,-1.0,0.0
2014-04-04 13:45:00,0.102,0,35.7678,0,12552.5,1.0,-1.0,0.0
2014-04-04 13:50:00,0.1,0,39.2257,0,12651.4,1.0,-1.0,0.0
2014-04-04 13:55:00,0.102,0,45.9032,0,12647.7,1.0,-1.0,0.0
2014-04-04 14:00:00,0.102,0,51.0208,0,12504.9,1.0,-1.0,0.0
2014-04-04 14:05:00,0.1,0,56.4593,0,12272.8,1.0,-1.0,0.0
2014-04-04 14:10:00,0.068,0,55.9626,0,11884.2,1.0,-1.0,0.0
2014-04-04 14:15:00,0.102,0,54.3391,0,11440.6,1.0,-1.0,0.0
2014-04-04 14:20:00,0.1,0,51.3704,0,11083.2,1.0,-1.0,0.0
2014-04-04 14:25:00,0.068,0,53.1759,0,10888.9,1.0,-1.0,0.0
2014-04-04 14:30:00,0.102,0,52.573,0,10929.1,1.0,-1.0,0.0
2014-04-04 14:35:00,0.068,0,52.432,0,11142.6,1.0,-1.0,0.0
2014-04-04 14:40:00,0.102,0,52.393,0,11429.9,1.0,-1.0,0.0
2014-04-04 14:45:00,0.1,0,52.3744,0,11736.9,1.0,-1.0,0.0
2014-04-04 14:50:00,0.1,0,52.7813,0,12062.7,1.0,-1.0,0.0
2014-04-04 14:55:00,0.068,0,52.7479,0,12399.8,1.0,-1.0,0.0
2014-04-04 15:00:00,0.102,0,52.6442,0,12762.5,1.0,-1.0,0.0
2014-04-04 15:05:00,0.102,0,54.2228,0,13129.2,1.0,-1.0,0.0
2014-04-04 15:10:00,0.068,0,53.6405,0,13490.5,1.0,-1.0,0.0
2014-04-04 15:15:00,0.1,0,53.5007,0,13820.0,1.0,-1.0,0.0
2014-04-04 15:20:00,0.102,0,52.3834,0,14036.6,1.0,-1.0,0.0
2014-04-04 15:25:00,0.1,0,53.1506,0,14186.0,1.0,-1.0,0.0
2014-04-04 15:30:00,0.066,0,51.1782,0,14250.7,1.0,-1.0,0.0
2014-04-04 15:35:00,0.1,0,52.6869,0,14384.1,1.0,-1.0,0.0
2014-04-04 15:40:00,0.102,0,52.1123,0,14657.7,1.0,-1.0,0.0
2014-04-04 15:45:00,0.1,0,52.6469,0,15038.7,1.0,-1.0,0.0
2014-04-04 15:50:00,0.066,0,51.9351,0,15431.4,1.0,-1.0,0.0
2014-04-04 15:55:00,0.102,0,51.8828,0,15753.9,1.0,-1.0,0.0
2014-04-04 16:00:00,0.1,0,52.1442,0,15922.1,1.0,-1.0,0.0
2014-04-04 16:05:00,0.098,0,52.8426,0,15968.5,1.0,-1.0,0.0
2014-04-04 16:10:00,0.1,0,52.4929,0,15880.1,1.0,-1.0,0.0
2014-04-04 16:15:00,0.068,0,52.1708,0,15800.9,1.0,-1.0,0.0
2014-04-04 16:20:00,0.1,0,52.9413,0,15758.4,1.0,-1.0,0.0
2014-04-04 16:25:00,0.102,0,53.1827,0,15788.0,1.0,-1.0,0.0
2014-04-04 16:30:00,0.102,0,53.4727,0,15775.1,1.0,-1.0,0.0
2014-04-04 16:35:00,0.068,0,51.6541,0,15776.7,1.0,-1.0,0.0
2014-04-04 16:40:00,0.1,0,52.1382,0,15781.7,1.0,-1.0,0.0
2014-04-04 16:45:00,0.1,0,52.0854,0,15787.4,0.0,50058.0,0.0
2014-04-04 16:50:00,0.102,0,52.7796,0,15793.3,0.0,50058.0,0.0
2014-04-04 16:55:00,0.1,0,52.7853,0,15788.5,0.0,50058.0,0.0
2014-04-04 17:00:00,0.068,0,52.7361,0,15785.5,0.0,50058.0,0.0
2014-04-04 17:05:00,0.102,0,53.0549,0,15785.0,0.0,50058.0,0.0
2014-04-04 17:10:00,0.1,0,53.2336,0,15744.7,0.0,50058.0,0.0
2014-04-04 17:15:00,0.102,0,53.8064,0,15718.6,0.0,50058.0,0.0
2014-04-04 17:20:00,0.8320000000000001,0,51.4583,0,15551.5,0.0,50058.0,0.0
2014-04-04 17:25:00,0.068,0,50.445,0,15551.0,0.0,50058.0,0.0
2014-04-04 17:30:00,7.854,0,45.6259,0,13450.1,0.0,50058.0,0.0
2014-04-04 17:35:00,0.102,0,44.5836,0,13477.2,0.0,50058.0,0.0
2014-04-04 17:40:00,2.17,0,42.9864,0,13465.7,0.0,50058.0,0.0
2014-04-04 17:45:00,0.102,0,40.4606,0,13466.7,0.0,50058.0,0.0
2014-04-04 17:50:00,0.068,0,42.2464,0,13452.2,0.0,50058.0,0.0
2014-04-04 17:55:00,0.1,0,45.4862,0,13451.3,0.0,50058.0,0.0
2014-04-04 18:00:00,0.2,0,37.7312,0,13453.1,0.0,50058.0,0.0
2014-04-04 18:05:00,0.1,0,42.5099,0,13442.2,0.0,50058.0,0.0
2014-04-04 18:10:00,0.136,0,34.7158,0,13411.9,0.0,50058.0,0.0
2014-04-04 18:15:00,0.066,0,36.7369,0,13381.3,0.0,50058.0,0.0
2014-04-04 18:20:00,0.102,0,40.0665,0,13349.7,0.0,50058.0,0.0
2014-04-04 18:25:00,0.102,0,39.4356,0,13294.4,0.0,50058.0,0.0
2014-04-04 18:30:00,9.958,0,46.8345,0,12424.1,0.0,50058.0,0.0
2014-04-04 18:35:00,0.1,0,49.7487,0,12263.0,0.0,50058.0,0.0
2014-04-04 18:40:00,0.334,0,46.8823,0,12151.9,0.0,50058.0,0.0
2014-04-04 18:45:00,96.948,0,45.7253,0,12037.1,0.0,50058.0,0.0
2014-04-04 18:50:00,85.77799999999998,0,47.8059,0,11940.9,0.0,50058.0,0.0
2014-04-04 18:55:00,93.948,0,47.2286,0,11808.5,0.0,50058.0,0.0
2014-04-04 19:00:00,55.794,0,44.33,0,5983.05,0.0,50058.0,0.0
2014-04-04 19:05:00,0.068,0,42.7886,0,6193.89,0.0,50058.0,0.0
2014-04-04 19:10:00,0.1,0,43.6188,0,6452.51,0.0,50058.0,0.0
2014-04-04 19:15:00,0.1,0,41.8225,0,6756.4,0.0,50058.0,0.0
2014-04-04 19:20:00,0.1,0,43.2676,0,7083.95,0.0,50058.0,0.0
2014-04-04 19:25:00,0.102,0,37.9067,0,7425.36,0.0,50058.0,0.0
2014-04-04 19:30:00,0.066,0,35.0168,0,7471.35,0.0,50058.0,0.0
2014-04-04 19:35:00,91.8,0,40.0588,0,7750.74,0.0,50058.0,0.0
2014-04-04 19:40:00,83.822,0,42.5103,0,8340.92,0.0,50058.0,0.0
2014-04-04 19:45:00,94.572,0,46.4936,0,8608.26,0.0,50058.0,0.0
2014-04-04 19:50:00,67.68,0,49.4013,0,8814.12,0.0,50058.0,0.0
2014-04-04 19:55:00,0.102,0,50.8189,0,9097.5,0.0,50058.0,0.0
2014-04-04 20:00:00,0.066,0,55.6589,0,9501.92,0.0,50058.0,0.0
2014-04-04 20:05:00,0.102,0,55.7434,0,9753.46,0.0,50058.0,0.0
2014-04-04 20:10:00,10.024,0,54.2113,0,10155.9,0.0,50058.0,0.0
2014-04-04 20:15:00,0.232,0,45.8329,0,10398.6,0.0,50058.0,0.0
2014-04-04 20:20:00,7.5,0,36.8498,0,11654.2,0.0,50058.0,0.0
2014-04-04 20:25:00,0.068,0,33.3692,0,12478.8,0.0,50058.0,0.0
2014-04-04 20:30:00,0.1,0,31.9661,0,12383.9,0.0,50058.0,0.0
2014-04-04 20:35:00,0.1,0,35.3365,0,12866.1,0.0,50058.0,0.0
2014-04-04 20:40:00,0.264,0,39.3274,0,13476.0,0.0,50058.0,0.0
2014-04-04 20:45:00,0.098,0,42.6553,0,12917.7,0.0,50058.0,0.0
2014-04-04 20:50:00,12.656,0,46.6767,0,12639.8,0.0,50058.0,0.0
2014-04-04 20:55:00,93.378,0,51.1064,0,12185.9,0.0,50058.0,0.0
2014-04-04 21:00:00,86.742,0,50.5692,0,12992.6,0.0,50058.0,0.0
2014-04-04 21:05:00,90.3,0,48.0176,0,13137.2,0.0,50058.0,0.0
2014-04-04 21:10:00,87.992,0,45.3682,0,13251.1,0.0,50058.0,0.0
2014-04-04 21:15:00,67.712,0,44.1185,0,13387.5,0.0,50058.0,0.0
2014-04-04 21:20:00,3.734,0,44.7977,0,13486.5,0.0,50058.0,0.0
2014-04-04 21:25:00,0.098,0,41.7515,0,13647.7,0.0,50058.0,0.0
2014-04-04 21:30:00,0.068,0,38.7994,0,13666.5,0.0,50058.0,0.0
2014-04-04 21:35:00,0.098,0,35.4627,0,12953.0,0.0,50058.0,0.0
2014-04-04 21:40:00,0.102,0,33.8036,0,15382.9,0.0,50058.0,0.0
2014-04-04 21:45:00,0.1,0,35.2151,0,12104.1,0.0,50058.0,0.0
2014-04-04 21:50:00,0.1,0,39.3264,0,9925.96,0.0,50058.0,0.0
2014-04-04 21:55:00,1.052,0,44.4619,0,10150.6,0.0,50058.0,0.0
2014-04-04 22:00:00,9.286,0,54.2553,0,10429.0,0.0,50058.0,0.0
2014-04-04 22:05:00,8.182,0,58.2817,0,10856.4,0.0,50058.0,0.0
2014-04-04 22:10:00,0.1,0,62.4303,0,10023.4,0.0,50058.0,0.0
2014-04-04 22:15:00,0.066,0,60.8633,0,9884.79,0.0,50058.0,0.0
2014-04-04 22:20:00,0.098,0,53.9201,0,9757.04,0.0,50058.0,0.0
2014-04-04 22:25:00,0.1,0,47.4779,0,10097.5,0.0,50058.0,0.0
2014-04-04 22:30:00,0.066,0,42.1783,0,10547.4,0.0,50058.0,0.0
2014-04-04 22:35:00,0.1,0,38.8356,0,11053.9,0.0,50058.0,0.0
2014-04-04 22:40:00,0.102,0,39.1807,0,11491.3,0.0,50058.0,0.0
2014-04-04 22:45:00,0.066,0,41.0629,0,11880.9,0.0,50058.0,0.0
2014-04-04 22:50:00,0.1,0,44.0187,0,12177.9,0.0,50058.0,0.0
2014-04-04 22:55:00,0.1,0,42.7301,0,12071.3,0.0,50058.0,0.0
2014-04-04 23:00:00,0.068,0,40.3156,0,12237.3,0.0,50058.0,0.0
2014-04-04 23:05:00,0.102,0,36.5269,0,12305.5,0.0,50058.0,0.0
2014-04-04 23:10:00,18.026,0,33.4484,0,11992.0,0.0,50058.0,0.0
2014-04-04 23:15:00,93.114,0,39.7151,0,8818.25,0.0,50058.0,0.0
2014-04-04 23:20:00,92.188,0,45.5739,0,8711.53,0.0,50058.0,0.0
2014-04-04 23:25:00,90.476,0,48.1938,0,8773.99,0.0,50058.0,0.0
2014-04-04 23:30:00,40.738,0,48.2204,0,5750.23,0.0,50058.0,0.0
2014-04-04 23:35:00,0.066,0,46.8462,0,5570.35,0.0,50058.0,0.0
2014-04-04 23:40:00,0.1,0,44.8345,0,5499.78,0.0,50058.0,0.0
2014-04-04 23:45:00,0.1,0,41.6629,0,5498.17,0.0,50058.0,0.0
2014-04-04 23:50:00,0.068,0,41.1508,0,5487.19,0.0,50058.0,0.0
2014-04-04 23:55:00,0.102,0,38.181,0,5360.26,0.0,50058.0,0.0
2014-04-05 00:00:00,0.102,0,40.4918,0,6025.65,0.0,50058.0,0.0
2014-04-05 00:05:00,0.098,0,45.8573,0,5611.04,0.0,50058.0,0.0
2014-04-05 00:10:00,0.1,0,51.2771,0,5751.33,0.0,50058.0,0.0
2014-04-05 00:15:00,0.064,0,53.8135,0,6340.54,0.0,50058.0,0.0
2014-04-05 00:20:00,0.1,0,57.1252,0,7218.97,0.0,50058.0,0.0
2014-04-05 00:25:00,0.098,0,59.3554,0,8278.54,0.0,50058.0,0.0
2014-04-05 00:30:00,0.068,0,62.1132,0,9301.8,0.0,50058.0,0.0
2014-04-05 00:35:00,0.102,0,59.3941,0,9399.83,0.0,50058.0,0.0
2014-04-05 00:40:00,0.102,0,54.46,0,9958.96,0.0,50058.0,0.0
2014-04-05 00:45:00,0.1,0,46.0505,0,10788.2,0.0,50058.0,0.0
2014-04-05 00:50:00,0.068,0,37.0829,0,11664.3,0.0,50058.0,0.0
2014-04-05 00:55:00,0.102,0,32.0134,0,16764.7,0.0,50058.0,0.0
2014-04-05 01:00:00,0.098,0,30.8785,0,17043.1,0.0,50058.0,0.0
2014-04-05 01:05:00,0.1,0,31.4109,0,16534.7,0.0,50058.0,0.0
2014-04-05 01:10:00,0.068,0,31.8724,0,16699.6,0.0,50058.0,0.0
2014-04-05 01:15:00,0.1,0,32.2413,0,15542.4,0.0,50058.0,0.0
2014-04-05 01:20:00,0.068,0,31.7055,0,14273.0,0.0,50058.0,0.0
2014-04-05 01:25:00,0.134,0,31.9034,0,13300.7,0.0,50058.0,0.0
2014-04-05 01:30:00,0.102,0,33.2482,0,13888.1,0.0,50058.0,0.0
2014-04-05 01:35:00,0.068,0,36.0097,0,13742.2,0.0,50058.0,0.0
2014-04-05 01:40:00,0.1,0,41.0247,0,13642.2,0.0,50058.0,0.0
2014-04-05 01:45:00,0.068,0,44.7078,0,13586.8,0.0,50058.0,0.0
2014-04-05 01:50:00,0.1,0,47.1902,0,13609.6,0.0,50058.0,0.0
2014-04-05 01:55:00,0.098,0,43.7108,0,13651.7,0.0,50058.0,0.0
2014-04-05 02:00:00,0.066,0,38.3961,0,13770.5,0.0,50058.0,0.0
2014-04-05 02:05:00,0.1,0,35.0293,0,13831.7,0.0,50058.0,0.0
2014-04-05 02:10:00,0.102,0,36.3163,0,13753.9,0.0,50058.0,0.0
2014-04-05 02:15:00,0.068,0,40.9252,0,13529.2,0.0,50058.0,0.0
2014-04-05 02:20:00,0.1,0,47.4582,0,13232.0,0.0,50058.0,0.0
2014-04-05 02:25:00,0.1,0,52.6199,0,12845.7,0.0,50058.0,0.0
2014-04-05 02:30:00,0.068,0,56.5891,0,12398.4,0.0,50058.0,0.0
2014-04-05 02:35:00,0.1,0,55.9163,0,11880.2,0.0,50058.0,0.0
2014-04-05 02:40:00,0.1,0,54.0652,0,11423.7,0.0,50058.0,0.0
2014-04-05 02:45:00,0.068,0,51.4366,0,11085.3,0.0,50058.0,0.0
2014-04-05 02:50:00,0.102,0,51.338,0,10953.3,0.0,50058.0,0.0
2014-04-05 02:55:00,0.1,0,52.3044,0,11051.6,0.0,50058.0,0.0
2014-04-05 03:00:00,0.068,0,52.5851,0,11291.8,0.0,50058.0,0.0
2014-04-05 03:05:00,0.1,0,51.6804,0,11581.0,0.0,50058.0,0.0
2014-04-05 03:10:00,0.102,0,53.289,0,11876.8,0.0,50058.0,0.0
2014-04-05 03:15:00,0.068,0,53.2203,0,12183.8,0.0,50058.0,0.0
2014-04-05 03:20:00,0.102,0,51.9592,0,12502.1,0.0,50058.0,0.0
2014-04-05 03:25:00,0.1,0,52.485,0,12855.2,0.0,50058.0,0.0
2014-04-05 03:30:00,0.068,0,52.5601,0,13223.4,0.0,50058.0,0.0
2014-04-05 03:35:00,0.102,0,52.1914,0,13577.7,0.0,50058.0,0.0
2014-04-05 03:40:00,0.068,0,52.6665,0,13882.7,0.0,50058.0,0.0
2014-04-05 03:45:00,0.102,0,52.2348,0,14078.3,0.0,50058.0,0.0
2014-04-05 03:50:00,0.1,0,53.1758,0,14193.7,0.0,50058.0,0.0
2014-04-05 03:55:00,0.066,0,53.3491,0,14255.5,0.0,50058.0,0.0
2014-04-05 04:00:00,0.1,0,53.1908,0,14409.7,0.0,50058.0,0.0
2014-04-05 04:05:00,0.068,0,51.5727,0,14707.0,0.0,50058.0,0.0
2014-04-05 04:10:00,0.1,0,53.1089,0,15101.8,0.0,50058.0,0.0
2014-04-05 04:15:00,0.102,0,52.4967,0,15481.6,0.0,50058.0,0.0
2014-04-05 04:20:00,0.066,0,52.4257,0,15763.2,0.0,50058.0,0.0
2014-04-05 04:25:00,0.1,0,52.7722,0,15892.9,0.0,50058.0,0.0
2014-04-05 04:30:00,0.1,0,52.7749,0,15898.1,0.0,50058.0,0.0
2014-04-05 04:35:00,0.068,0,53.1585,0,15805.1,0.0,50058.0,0.0
2014-04-05 04:40:00,0.102,0,53.3927,0,15725.4,0.0,50058.0,0.0
2014-04-05 04:45:00,0.066,0,52.2079,0,15688.7,0.0,50058.0,0.0
2014-04-05 04:50:00,0.102,0,52.4766,0,15716.7,0.0,50058.0,0.0
2014-04-05 04:55:00,0.1,0,52.1948,0,15748.2,0.0,50058.0,0.0
2014-04-05 05:00:00,0.068,0,52.2841,0,15755.5,0.0,50058.0,0.0
2014-04-05 05:05:00,0.1,0,53.041,0,15756.6,0.0,50058.0,0.0
2014-04-05 05:10:00,0.066,0,51.5198,0,15780.9,0.0,50058.0,0.0
2014-04-05 05:15:00,0.102,0,52.9794,0,15763.9,0.0,50058.0,0.0
2014-04-05 05:20:00,0.068,0,52.5264,0,15749.2,0.0,50058.0,0.0
2014-04-05 05:25:00,5.932,0,45.691,0,14083.2,0.0,50058.0,0.0
2014-04-05 05:30:00,97.472,0,44.8533,0,13563.5,0.0,50058.0,0.0
2014-04-05 05:35:00,80.646,0,46.8792,0,9036.87,0.0,50058.0,0.0
2014-04-05 05:40:00,93.502,0,46.4305,0,9056.22,0.0,50058.0,0.0
2014-04-05 05:45:00,57.488,0,44.5782,0,3999.37,0.0,50058.0,0.0
2014-04-05 05:50:00,0.068,0,43.2075,0,4051.12,0.0,50058.0,0.0
2014-04-05 05:55:00,0.102,0,44.0302,0,4165.82,0.0,50058.0,0.0
2014-04-05 06:00:00,0.068,0,42.0524,0,4323.13,0.0,50058.0,0.0
2014-04-05 06:05:00,0.1,0,43.3254,0,4515.72,0.0,50058.0,0.0
2014-04-05 06:10:00,0.1,0,37.9966,0,4705.57,0.0,50058.0,0.0
2014-04-05 06:15:00,0.068,0,35.0854,0,4965.85,0.0,50058.0,0.0
2014-04-05 06:20:00,0.102,0,36.2823,0,5242.91,0.0,50058.0,0.0
2014-04-05 06:25:00,0.1,0,36.3754,0,5548.19,0.0,50058.0,0.0
2014-04-05 06:30:00,0.068,0,40.887,0,5893.48,0.0,50058.0,0.0
2014-04-05 06:35:00,0.1,0,46.6043,0,6276.13,0.0,50058.0,0.0
2014-04-05 06:40:00,0.066,0,50.467,0,6709.1,0.0,50058.0,0.0
2014-04-05 06:45:00,0.102,0,56.9274,0,7195.25,0.0,50058.0,0.0
2014-04-05 06:50:00,0.102,0,58.6068,0,7703.43,0.0,50058.0,0.0
2014-04-05 06:55:00,0.068,0,54.7723,0,8271.75,0.0,50058.0,0.0
2014-04-05 07:00:00,0.102,0,47.8659,0,8883.75,0.0,50058.0,0.0
2014-04-05 07:05:00,0.068,0,38.7857,0,9539.61,0.0,50058.0,0.0
2014-04-05 07:10:00,0.1,0,32.5725,0,10248.9,0.0,50058.0,0.0
2014-04-05 07:15:00,0.068,0,30.5555,0,10947.4,0.0,50058.0,0.0
2014-04-05 07:20:00,0.1,0,30.591,0,17897.2,0.0,50058.0,0.0
2014-04-05 07:25:00,0.1,0,30.7459,0,18324.2,0.0,50058.0,0.0
2014-04-05 07:30:00,0.068,0,31.1355,0,17199.7,0.0,50058.0,0.0
2014-04-05 07:35:00,0.102,0,31.0183,0,16710.1,0.0,50058.0,0.0
2014-04-05 07:40:00,0.066,0,31.7625,0,15771.5,0.0,50058.0,0.0
2014-04-05 07:45:00,0.102,0,32.9814,0,16276.1,0.0,50058.0,0.0
2014-04-05 07:50:00,0.068,0,35.3253,0,12615.4,0.0,50058.0,0.0
2014-04-05 07:55:00,0.102,0,40.5323,0,12535.5,0.0,50058.0,0.0
2014-04-05 08:00:00,0.068,0,43.6947,0,12431.6,0.0,50058.0,0.0
2014-04-05 08:05:00,0.1,0,47.182,0,12377.5,0.0,50058.0,0.0
2014-04-05 08:10:00,0.066,0,44.2798,0,12296.8,0.0,50058.0,0.0
2014-04-05 08:15:00,0.102,0,39.0928,0,12349.5,0.0,50058.0,0.0
2014-04-05 08:20:00,0.066,0,35.5621,0,12476.9,0.0,50058.0,0.0
2014-04-05 08:25:00,0.1,0,36.017,0,12574.8,0.0,50058.0,0.0
2014-04-05 08:30:00,0.068,0,39.657,0,12669.3,0.0,50058.0,0.0
2014-04-05 08:35:00,0.1,0,46.3947,0,12655.1,0.0,50058.0,0.0
2014-04-05 08:40:00,0.102,0,51.5296,0,12502.6,0.0,50058.0,0.0
2014-04-05 08:45:00,0.068,0,56.5395,0,12259.4,0.0,50058.0,0.0
2014-04-05 08:50:00,0.1,0,55.9094,0,11860.7,0.0,50058.0,0.0
2014-04-05 08:55:00,0.068,0,54.3125,0,11418.2,0.0,50058.0,0.0
2014-04-05 09:00:00,0.102,0,51.3737,0,11068.1,0.0,50058.0,0.0
2014-04-05 09:05:00,0.068,0,51.6041,0,10886.5,0.0,50058.0,0.0
2014-04-05 09:10:00,0.102,0,52.832,0,10936.3,0.0,50058.0,0.0
2014-04-05 09:15:00,0.068,0,52.5021,0,11154.8,0.0,50058.0,0.0
2014-04-05 09:20:00,0.102,0,52.6394,0,11444.4,0.0,50058.0,0.0
2014-04-05 09:25:00,0.1,0,53.2245,0,11755.2,0.0,50058.0,0.0
2014-04-05 09:30:00,0.068,0,51.9577,0,12084.0,0.0,50058.0,0.0
2014-04-05 09:35:00,0.098,0,52.8443,0,12425.0,0.0,50058.0,0.0
2014-04-05 09:40:00,0.068,0,52.3063,0,12789.9,0.0,50058.0,0.0
2014-04-05 09:45:00,0.102,0,53.2414,0,13158.2,0.0,50058.0,0.0
2014-04-05 09:50:00,0.068,0,52.9813,0,13516.8,0.0,50058.0,0.0
2014-04-05 09:55:00,0.102,0,53.1462,0,13837.6,0.0,50058.0,0.0
2014-04-05 10:00:00,0.1,0,53.5265,0,14045.2,0.0,50058.0,0.0
2014-04-05 10:05:00,0.066,0,52.1732,0,14187.5,0.0,50058.0,0.0
2014-04-05 10:10:00,0.102,0,52.2513,0,14250.3,0.0,50058.0,0.0
2014-04-05 10:15:00,0.1,0,52.5947,0,14391.6,0.0,50058.0,0.0
2014-04-05 10:20:00,0.1,0,53.0156,0,14669.9,0.0,50058.0,0.0
2014-04-05 10:25:00,0.068,0,52.7809,0,15051.3,0.0,50058.0,0.0
2014-04-05 10:30:00,0.102,0,52.6153,0,15437.8,0.0,50058.0,0.0
2014-04-05 10:35:00,0.066,0,52.9437,0,15750.6,0.0,50058.0,0.0
2014-04-05 10:40:00,0.1,0,53.1138,0,15908.3,0.0,50058.0,0.0
2014-04-05 10:45:00,0.102,0,52.1334,0,15943.6,0.0,50058.0,0.0
2014-04-05 10:50:00,0.068,0,52.7844,0,15854.9,0.0,50058.0,0.0
2014-04-05 10:55:00,0.102,0,51.4189,0,15777.5,0.0,50058.0,0.0
2014-04-05 11:00:00,0.068,0,52.5923,0,15736.4,0.0,50058.0,0.0
2014-04-05 11:05:00,0.1,0,52.8427,0,15766.2,0.0,50058.0,0.0
2014-04-05 11:10:00,0.068,0,52.8905,0,15792.5,0.0,50058.0,0.0
2014-04-05 11:15:00,0.1,0,52.643,0,15788.5,0.0,50058.0,0.0
2014-04-05 11:20:00,0.068,0,52.8951,0,15793.5,0.0,50058.0,0.0
2014-04-05 11:25:00,0.134,0,52.2077,0,15795.4,0.0,50058.0,0.0
2014-04-05 11:30:00,0.066,0,53.2137,0,15781.4,0.0,50058.0,0.0
2014-04-05 11:35:00,0.102,0,52.6354,0,15799.8,0.0,50058.0,0.0
2014-04-05 11:40:00,0.068,0,52.2254,0,15796.0,0.0,50058.0,0.0
2014-04-05 11:45:00,0.1,0,52.665,0,15805.8,0.0,50058.0,0.0
2014-04-05 11:50:00,0.068,0,52.9867,0,15791.8,0.0,50058.0,0.0
2014-04-05 11:55:00,0.1,0,52.2362,0,15784.9,0.0,50058.0,0.0
2014-04-05 12:00:00,0.066,0,52.529,0,15773.8,0.0,50058.0,0.0
2014-04-05 12:05:00,0.102,0,51.5992,0,15750.3,0.0,50058.0,0.0
2014-04-05 12:10:00,0.068,0,51.706,0,15760.3,0.0,50058.0,0.0
2014-04-05 12:15:00,0.102,0,51.9154,0,15767.9,0.0,50058.0,0.0
2014-04-05 12:20:00,0.1,0,52.5327,0,15766.5,0.0,50058.0,0.0
2014-04-05 12:25:00,0.068,0,52.3519,0,15753.8,0.0,50058.0,0.0
2014-04-05 12:30:00,0.1,0,53.0404,0,15747.5,0.0,50058.0,0.0
2014-04-05 12:35:00,0.068,0,52.69300000000001,0,15743.9,0.0,50058.0,0.0
2014-04-05 12:40:00,0.1,0,53.7327,0,15733.4,0.0,50058.0,0.0
2014-04-05 12:45:00,0.068,0,52.4264,0,15719.6,0.0,50058.0,0.0
2014-04-05 12:50:00,0.1,0,52.6526,0,15728.7,0.0,50058.0,0.0
2014-04-05 12:55:00,0.102,0,52.3119,0,15722.9,0.0,50058.0,0.0
2014-04-05 13:00:00,0.066,0,51.3466,0,15749.9,0.0,50058.0,0.0
2014-04-05 13:05:00,0.102,0,52.352,0,15748.2,0.0,50058.0,0.0
2014-04-05 13:10:00,0.068,0,52.4409,0,15739.4,0.0,50058.0,0.0
2014-04-05 13:15:00,0.1,0,53.0224,0,15729.6,0.0,50058.0,0.0
2014-04-05 13:20:00,0.102,0,52.7652,0,15725.4,0.0,50058.0,0.0
2014-04-05 13:25:00,0.066,0,52.7883,0,15716.7,0.0,50058.0,0.0
2014-04-05 13:30:00,0.102,0,52.9577,0,15723.4,0.0,50058.0,0.0
2014-04-05 13:35:00,0.068,0,52.1855,0,15706.6,0.0,50058.0,0.0
2014-04-05 13:40:00,0.1,0,52.7348,0,15702.3,0.0,50058.0,0.0
2014-04-05 13:45:00,0.102,0,52.7395,0,15709.2,0.0,50058.0,0.0
2014-04-05 13:50:00,0.068,0,52.4781,0,15704.8,0.0,50058.0,0.0
2014-04-05 13:55:00,0.1,0,53.1419,0,15693.0,0.0,50058.0,0.0
2014-04-05 14:00:00,0.1,0,52.8672,0,15699.2,0.0,50058.0,0.0
2014-04-05 14:05:00,0.068,0,52.3679,0,15699.7,0.0,50058.0,0.0
2014-04-05 14:10:00,0.102,0,52.8804,0,15722.4,0.0,50058.0,0.0
2014-04-05 14:15:00,0.098,0,51.5661,0,15744.5,0.0,50058.0,0.0
2014-04-05 14:20:00,0.068,0,53.4352,0,15761.2,0.0,50058.0,0.0
2014-04-05 14:25:00,0.1,0,51.6274,0,15763.2,0.0,50058.0,0.0
2014-04-05 14:30:00,0.102,0,53.3252,0,15769.6,0.0,50058.0,0.0
2014-04-05 14:35:00,0.068,0,52.9863,0,15759.0,0.0,50058.0,0.0
2014-04-05 14:40:00,0.102,0,53.2486,0,15757.8,0.0,50058.0,0.0
2014-04-05 14:45:00,0.102,0,52.3875,0,15730.3,0.0,50058.0,0.0
2014-04-05 14:50:00,0.068,0,53.157,0,15734.9,0.0,50058.0,0.0
2014-04-05 14:55:00,0.1,0,51.8404,0,15734.7,0.0,50058.0,0.0
2014-04-05 15:00:00,0.1,0,52.8369,0,15741.3,0.0,50058.0,0.0
2014-04-05 15:05:00,0.066,0,52.6201,0,15773.4,0.0,50058.0,0.0
2014-04-05 15:10:00,0.1,0,52.029,0,15780.9,0.0,50058.0,0.0
2014-04-05 15:15:00,0.098,0,52.8038,0,15786.5,0.0,50058.0,0.0
2014-04-05 15:20:00,0.068,0,53.2331,0,15778.1,0.0,50058.0,0.0
2014-04-05 15:25:00,0.098,0,52.0354,0,15775.4,0.0,50058.0,0.0
2014-04-05 15:30:00,0.068,0,53.0209,0,15772.3,0.0,50058.0,0.0
2014-04-05 15:35:00,0.102,0,52.6703,0,15764.4,0.0,50058.0,0.0
2014-04-05 15:40:00,0.102,0,51.8974,0,15776.2,0.0,50058.0,0.0
2014-04-05 15:45:00,0.066,0,53.0561,0,15774.1,0.0,50058.0,0.0
2014-04-05 15:50:00,0.102,0,52.4389,0,15771.3,0.0,50058.0,0.0
2014-04-05 15:55:00,0.1,1,52.4076,0,15775.6,0.0,50058.0,0.0
2014-04-05 16:00:00,0.068,1,52.8551,0,15763.2,0.0,50058.0,0.0
2014-04-05 16:05:00,0.102,1,52.6737,0,15756.6,0.0,50058.0,0.0
2014-04-05 16:10:00,0.102,1,52.5695,0,15763.1,0.0,50058.0,0.0
2014-04-05 16:15:00,0.102,1,53.0742,0,15756.9,0.0,50058.0,0.0
2014-04-05 16:20:00,0.066,1,52.2752,0,15783.0,0.0,50058.0,0.0
2014-04-05 16:25:00,0.102,1,51.9746,0,15763.9,0.0,50058.0,0.0
2014-04-05 16:30:00,0.1,1,53.0085,0,15788.5,0.0,50058.0,0.0
2014-04-05 16:35:00,0.068,1,52.2081,0,15771.3,0.0,50058.0,0.0
2014-04-05 16:40:00,0.098,1,52.0248,0,15762.3,0.0,50058.0,0.0
2014-04-05 16:45:00,76.574,1,44.5043,0,7273.47,0.0,50058.0,0.0
2014-04-05 16:50:00,83.198,1,46.8851,0,7280.98,0.0,50058.0,0.0
2014-04-05 16:55:00,94.14,1,46.8467,0,7329.39,0.0,50058.0,0.0
2014-04-05 17:00:00,74.668,1,45.4017,0,7394.82,0.0,50058.0,0.0
2014-04-05 17:05:00,7.542000000000002,1,43.5743,0,7434.08,0.0,50058.0,0.0
2014-04-05 17:10:00,0.1,1,43.8713,0,7488.17,0.0,50058.0,0.0
2014-04-05 17:15:00,0.1,1,42.4344,0,7549.38,0.0,50058.0,0.0
2014-04-05 17:20:00,0.068,1,43.5968,0,7651.03,0.0,50058.0,0.0
2014-04-05 17:25:00,0.102,1,39.5403,0,7783.9,0.0,50058.0,0.0
2014-04-05 17:30:00,0.1,1,35.426,0,7906.11,0.0,50058.0,0.0
2014-04-05 17:35:00,0.1,1,36.0956,0,8064.42,0.0,50058.0,0.0
2014-04-05 17:40:00,0.068,1,35.8643,0,8228.45,0.0,50058.0,0.0
2014-04-05 17:45:00,0.1,1,39.6693,0,8388.32,0.0,50058.0,0.0
2014-04-05 17:50:00,0.102,1,45.3645,0,8592.76,0.0,50058.0,0.0
2014-04-05 17:55:00,0.068,1,49.3678,0,8805.63,0.0,50058.0,0.0
2014-04-05 18:00:00,0.1,1,55.7683,0,9045.91,0.0,50058.0,0.0
2014-04-05 18:05:00,0.102,1,58.9385,0,9329.76,0.0,50058.0,0.0
2014-04-05 18:10:00,0.1,1,56.3546,0,9646.2,0.0,50058.0,0.0
2014-04-05 18:15:00,0.068,1,50.3716,0,9994.44,0.0,50058.0,0.0
2014-04-05 18:20:00,0.102,1,41.2102,0,10384.6,0.0,50058.0,0.0
2014-04-05 18:25:00,0.068,1,33.8064,0,10773.4,0.0,50058.0,0.0
2014-04-05 18:30:00,0.102,1,30.7179,0,11166.2,0.0,50058.0,0.0
2014-04-05 18:35:00,0.068,1,30.3596,0,11593.7,0.0,50058.0,0.0
2014-04-05 18:40:00,0.102,1,30.5978,0,12009.0,0.0,50058.0,0.0
2014-04-05 18:45:00,0.068,1,30.9974,0,12412.6,0.0,50058.0,0.0
2014-04-05 18:50:00,0.102,1,30.8884,0,12469.0,0.0,50058.0,0.0
2014-04-05 18:55:00,0.068,1,31.3822,0,12303.4,0.0,50058.0,0.0
2014-04-05 19:00:00,0.1,1,32.5431,0,12607.7,0.0,50058.0,0.0
2014-04-05 19:05:00,0.102,1,34.4875,0,12665.6,0.0,50058.0,0.0
2014-04-05 19:10:00,0.066,1,39.1978,0,12579.8,0.0,50058.0,0.0
2014-04-05 19:15:00,0.1,1,42.8479,0,12482.1,0.0,50058.0,0.0
2014-04-05 19:20:00,0.1,1,46.7753,0,12418.5,0.0,50058.0,0.0
2014-04-05 19:25:00,0.066,1,45.5837,0,12331.1,0.0,50058.0,0.0
2014-04-05 19:30:00,0.102,1,40.5339,0,12347.0,0.0,50058.0,0.0
2014-04-05 19:35:00,0.1,1,36.4038,0,12466.8,0.0,50058.0,0.0
2014-04-05 19:40:00,0.068,1,35.4276,0,12570.1,0.0,50058.0,0.0
2014-04-05 19:45:00,0.102,1,38.3627,0,12679.2,0.0,50058.0,0.0
2014-04-05 19:50:00,0.102,1,44.7858,0,12695.7,0.0,50058.0,0.0
2014-04-05 19:55:00,0.068,1,50.4768,0,12574.2,0.0,50058.0,0.0
2014-04-05 20:00:00,0.1,1,55.8867,0,12358.5,0.0,50058.0,0.0
2014-04-05 20:05:00,0.1,1,56.1584,0,11989.3,0.0,50058.0,0.0
2014-04-05 20:10:00,0.1,1,54.815,0,11541.2,0.0,50058.0,0.0
2014-04-05 20:15:00,0.068,1,52.2326,0,11152.8,0.0,50058.0,0.0
2014-04-05 20:20:00,0.1,1,52.2415,0,10910.7,0.0,50058.0,0.0
2014-04-05 20:25:00,0.068,1,53.3681,0,10898.7,0.0,50058.0,0.0
2014-04-05 20:30:00,0.102,1,52.7969,0,11084.7,0.0,50058.0,0.0
2014-04-05 20:35:00,0.1,1,53.2845,0,11366.1,0.0,50058.0,0.0
2014-04-05 20:40:00,0.068,1,53.1818,0,11679.9,0.0,50058.0,0.0
2014-04-05 20:45:00,0.1,1,52.7449,0,12009.7,0.0,50058.0,0.0
2014-04-05 20:50:00,0.1,0,25.932,0,12352.5,0.0,50058.0,0.0
2014-04-05 20:55:00,0.1,0,25.9898,0,12692.0,0.0,50058.0,0.0
2014-04-05 21:00:00,0.066,0,25.8119,0,13015.2,0.0,50058.0,0.0
2014-04-05 21:05:00,0.1,0,25.852,0,13303.8,0.0,50058.0,0.0
2014-04-05 21:10:00,0.1,0,26.066,0,13536.2,0.0,50058.0,0.0
2014-04-05 21:15:00,0.1,0,25.8114,0,13643.2,0.0,50058.0,0.0
2014-04-05 21:20:00,0.068,0,25.9193,0,13645.6,0.0,50058.0,0.0
2014-04-05 21:25:00,0.1,0,25.9333,0,13532.1,0.0,50058.0,0.0
2014-04-05 21:30:00,0.066,0,25.8945,0,13428.4,0.0,50058.0,0.0
2014-04-05 21:35:00,0.1,0,25.8457,0,13431.2,0.0,50058.0,0.0
2014-04-05 21:40:00,0.102,0,26.0187,0,13521.8,0.0,50058.0,0.0
2014-04-05 21:45:00,0.102,0,25.8923,0,13627.2,0.0,50058.0,0.0
2014-04-05 21:50:00,0.068,0,25.946,0,13649.7,0.0,50058.0,0.0
2014-04-05 21:55:00,0.102,0,25.8622,0,13498.4,0.0,50058.0,0.0
2014-04-05 22:00:00,56.716,0,27.9413,0,3875.84,0.0,50058.0,0.0
2014-04-05 22:05:00,85.35,0,28.2928,0,4369.52,0.0,50058.0,0.0
2014-04-05 22:10:00,97.392,0,28.0447,0,4938.35,0.0,50058.0,0.0
2014-04-05 22:15:00,82.53,0,27.9609,0,5529.07,0.0,50058.0,0.0
2014-04-05 22:20:00,15.806,0,27.5873,0,4202.15,0.0,50058.0,0.0
2014-04-05 22:25:00,0.1,0,27.2716,0,4423.15,0.0,50058.0,0.0
2014-04-05 22:30:00,0.068,0,27.2739,0,4693.7,0.0,50058.0,0.0
2014-04-05 22:35:00,0.102,0,27.2833,0,5061.2,0.0,50058.0,0.0
2014-04-05 22:40:00,0.102,0,27.3757,0,5474.06,0.0,50058.0,0.0
2014-04-05 22:45:00,0.068,0,27.4633,0,5941.88,0.0,50058.0,0.0
2014-04-05 22:50:00,0.1,0,27.5034,0,7463.26,0.0,50058.0,0.0
2014-04-05 22:55:00,0.1,0,27.4847,0,7582.69,0.0,50058.0,0.0
2014-04-05 23:00:00,34.936,0,27.5651,0,8555.45,0.0,50058.0,0.0
2014-04-05 23:05:00,91.754,0,27.5631,0,8636.66,0.0,50058.0,0.0
2014-04-05 23:10:00,89.742,0,27.7538,0,8784.61,0.0,50058.0,0.0
2014-04-05 23:15:00,89.234,0,27.679,0,8990.31,0.0,50058.0,0.0
2014-04-05 23:20:00,35.85800000000001,0,27.6869,0,9194.25,0.0,50058.0,0.0
2014-04-05 23:25:00,0.102,0,27.553,0,9405.67,0.0,50058.0,0.0
2014-04-05 23:30:00,0.068,0,27.3755,0,9637.26,0.0,50058.0,0.0
2014-04-05 23:35:00,0.098,0,27.32,0,9885.81,0.0,50058.0,0.0
2014-04-05 23:40:00,0.102,0,27.3652,0,10157.8,0.0,50058.0,0.0
2014-04-05 23:45:00,0.068,0,27.3222,0,10370.3,0.0,50058.0,0.0
2014-04-05 23:50:00,0.102,0,27.4292,0,10585.3,0.0,50058.0,0.0
2014-04-05 23:55:00,0.1,0,27.1893,0,10829.0,0.0,50058.0,0.0
2014-04-06 00:00:00,0.068,0,27.0161,0,14287.2,0.0,50058.0,0.0
2014-04-06 00:05:00,0.136,0,26.9177,0,11654.3,0.0,50058.0,0.0
2014-04-06 00:10:00,0.068,0,26.8183,0,8725.91,0.0,50058.0,0.0
2014-04-06 00:15:00,0.1,0,26.9354,0,6399.25,0.0,50058.0,0.0
2014-04-06 00:20:00,0.1,0,27.1248,0,6308.15,0.0,50058.0,0.0
2014-04-06 00:25:00,0.068,0,27.1058,0,6730.48,0.0,50058.0,0.0
2014-04-06 00:30:00,56.692,0,27.0311,0,7168.21,0.0,50058.0,0.0
2014-04-06 00:35:00,82.63600000000002,0,27.0639,0,7653.02,0.0,50058.0,0.0
2014-04-06 00:40:00,96.378,0,26.9851,0,8199.82,0.0,50058.0,0.0
2014-04-06 00:45:00,84.552,0,27.0733,0,8799.87,0.0,50058.0,0.0
2014-04-06 00:50:00,18.258,0,26.907,0,20294.3,0.0,50058.0,0.0
2014-04-06 00:55:00,0.102,0,26.6384,0,20291.6,0.0,50058.0,0.0
2014-04-06 01:00:00,0.1,0,26.3852,0,18845.4,0.0,50058.0,0.0
2014-04-06 01:05:00,0.066,0,26.3052,0,15122.9,0.0,50058.0,0.0
2014-04-06 01:10:00,0.1,0,26.3996,0,11594.9,0.0,50058.0,0.0
2014-04-06 01:15:00,0.102,0,26.2699,0,8205.73,0.0,50058.0,0.0
2014-04-06 01:20:00,0.066,0,26.3015,0,6951.98,0.0,50058.0,0.0
2014-04-06 01:25:00,0.1,0,26.239,0,7072.86,0.0,50058.0,0.0
2014-04-06 01:30:00,0.1,0,26.2798,0,7210.87,0.0,50058.0,0.0
2014-04-06 01:35:00,0.066,0,26.4485,0,7356.36,0.0,50058.0,0.0
2014-04-06 01:40:00,0.1,0,26.5089,0,7527.61,0.0,50058.0,0.0
2014-04-06 01:45:00,0.102,0,26.6602,0,7726.11,0.0,50058.0,0.0
2014-04-06 01:50:00,0.068,0,26.9259,0,7944.82,0.0,50058.0,0.0
2014-04-06 01:55:00,0.1,0,27.0691,0,8189.12,0.0,50058.0,0.0
2014-04-06 02:00:00,0.1,0,26.8771,0,8442.58,0.0,50058.0,0.0
2014-04-06 02:05:00,0.066,0,26.8094,0,8700.24,0.0,50058.0,0.0
2014-04-06 02:10:00,0.1,0,26.7878,0,8976.01,0.0,50058.0,0.0
2014-04-06 02:15:00,0.068,0,26.5773,0,9269.32,0.0,50058.0,0.0
2014-04-06 02:20:00,0.1,0,26.5102,0,9581.78,0.0,50058.0,0.0
2014-04-06 02:25:00,0.066,0,26.308000000000003,0,9920.69,0.0,50058.0,0.0
2014-04-06 02:30:00,0.102,0,26.1786,0,9931.35,0.0,50058.0,0.0
2014-04-06 02:35:00,0.068,0,26.6708,0,9288.08,0.0,50058.0,0.0
2014-04-06 02:40:00,0.1,0,26.8807,0,8273.04,0.0,50058.0,0.0
2014-04-06 02:45:00,0.068,0,26.8113,0,7509.18,0.0,50058.0,0.0
2014-04-06 02:50:00,0.102,0,27.008000000000006,0,7933.25,0.0,50058.0,0.0
2014-04-06 02:55:00,0.1,0,26.7358,0,7925.67,0.0,50058.0,0.0
2014-04-06 03:00:00,0.068,0,26.5748,0,7924.61,0.0,50058.0,0.0
2014-04-06 03:05:00,0.102,0,26.4912,0,7928.98,0.0,50058.0,0.0
2014-04-06 03:10:00,0.098,0,26.3151,0,7936.27,0.0,50058.0,0.0
2014-04-06 03:15:00,0.102,0,26.5708,0,7941.25,0.0,50058.0,0.0
2014-04-06 03:20:00,0.068,0,26.6522,0,7948.78,0.0,50058.0,0.0
2014-04-06 03:25:00,0.1,0,26.644,0,7956.72,0.0,50058.0,0.0
2014-04-06 03:30:00,0.068,0,26.5795,0,7966.6,0.0,50058.0,0.0
2014-04-06 03:35:00,0.1,0,26.5234,0,7974.95,0.0,50058.0,0.0
2014-04-06 03:40:00,0.102,0,26.5133,0,7980.14,0.0,50058.0,0.0
2014-04-06 03:45:00,0.068,0,26.3301,0,7983.96,0.0,50058.0,0.0
2014-04-06 03:50:00,0.102,0,26.2414,0,7982.97,0.0,50058.0,0.0
2014-04-06 03:55:00,0.068,0,26.0155,0,7975.73,0.0,50058.0,0.0
2014-04-06 04:00:00,0.1,0,26.1142,0,7963.99,0.0,50058.0,0.0
2014-04-06 04:05:00,0.068,0,26.246,0,7955.28,0.0,50058.0,0.0
2014-04-06 04:10:00,0.1,0,25.7303,0,7948.45,0.0,50058.0,0.0
2014-04-06 04:15:00,0.102,0,26.0227,0,7940.27,0.0,50058.0,0.0
2014-04-06 04:20:00,0.068,0,25.8436,0,7937.39,0.0,50058.0,0.0
2014-04-06 04:25:00,0.1,0,25.8953,0,7934.61,0.0,50058.0,0.0
2014-04-06 04:30:00,0.068,0,25.9247,0,7937.16,0.0,50058.0,0.0
2014-04-06 04:35:00,0.102,0,25.8849,0,7941.72,0.0,50058.0,0.0
2014-04-06 04:40:00,0.102,0,25.9014,0,7934.44,0.0,50058.0,0.0
2014-04-06 04:45:00,0.068,0,25.9049,0,7920.38,0.0,50058.0,0.0
2014-04-06 04:50:00,0.1,0,25.955,0,7907.9,0.0,50058.0,0.0
2014-04-06 04:55:00,0.1,0,25.8293,0,7889.59,0.0,50058.0,0.0
2014-04-06 05:00:00,0.102,0,26.0285,0,7876.11,0.0,50058.0,0.0
2014-04-06 05:05:00,0.068,0,25.8502,0,7866.8,0.0,50058.0,0.0
2014-04-06 05:10:00,0.102,0,25.8521,0,7858.75,0.0,50058.0,0.0
2014-04-06 05:15:00,0.1,0,25.9938,0,7854.56,0.0,50058.0,0.0
2014-04-06 05:20:00,0.068,0,25.8385,0,7842.84,0.0,50058.0,0.0
2014-04-06 05:25:00,0.1,0,25.9596,0,7829.13,0.0,50058.0,0.0
2014-04-06 05:30:00,0.102,0,25.8909,0,7814.12,0.0,50058.0,0.0
2014-04-06 05:35:00,0.1,0,25.9905,0,7800.74,0.0,50058.0,0.0
2014-04-06 05:40:00,0.066,0,25.8503,0,7788.26,0.0,50058.0,0.0
2014-04-06 05:45:00,77.118,0,27.9458,0,7800.03,0.0,50058.0,0.0
2014-04-06 05:50:00,81.11399999999998,0,28.3617,0,7843.95,0.0,50058.0,0.0
2014-04-06 05:55:00,95.004,0,27.9209,0,7929.65,0.0,50058.0,0.0
2014-04-06 06:00:00,76.566,0,27.9711,0,8044.27,0.0,50058.0,0.0
2014-04-06 06:05:00,10.824000000000002,0,27.4952,0,8325.33,0.0,50058.0,0.0
2014-04-06 06:10:00,0.068,0,27.2954,0,8350.74,0.0,50058.0,0.0
2014-04-06 06:15:00,0.102,0,27.2475,0,8374.51,0.0,50058.0,0.0
2014-04-06 06:20:00,0.1,0,27.3205,0,8420.6,0.0,50058.0,0.0
2014-04-06 06:25:00,0.068,0,27.3647,0,8472.65,0.0,50058.0,0.0
2014-04-06 06:30:00,0.102,0,27.5074,0,8539.31,0.0,50058.0,0.0
2014-04-06 06:35:00,0.1,0,27.4683,0,8615.7,0.0,50058.0,0.0
2014-04-06 06:40:00,0.068,0,27.4991,0,8708.72,0.0,50058.0,0.0
2014-04-06 06:45:00,0.1,0,27.508000000000006,0,8807.55,0.0,50058.0,0.0
2014-04-06 06:50:00,0.1,0,27.1854,0,8924.99,0.0,50058.0,0.0
2014-04-06 06:55:00,0.1,0,27.4432,0,9055.81,0.0,50058.0,0.0
2014-04-06 07:00:00,0.068,0,27.495,0,9190.02,0.0,50058.0,0.0
2014-04-06 07:05:00,0.1,0,27.6524,0,9348.99,0.0,50058.0,0.0
2014-04-06 07:10:00,0.1,0,27.8977,0,9510.15,0.0,50058.0,0.0
2014-04-06 07:15:00,0.1,0,27.5798,0,9686.96,0.0,50058.0,0.0
2014-04-06 07:20:00,0.068,0,27.6612,0,9876.57,0.0,50058.0,0.0
2014-04-06 07:25:00,0.102,0,27.5344,0,10079.7,0.0,50058.0,0.0
2014-04-06 07:30:00,0.102,0,27.414,0,10210.4,0.0,50058.0,0.0
2014-04-06 07:35:00,0.066,0,27.4954,0,10330.2,0.0,50058.0,0.0
2014-04-06 07:40:00,0.1,0,27.1737,0,10479.4,0.0,50058.0,0.0
2014-04-06 07:45:00,0.1,0,26.8543,0,9982.01,0.0,50058.0,0.0
2014-04-06 07:50:00,0.068,0,27.0025,0,9412.62,0.0,50058.0,0.0
2014-04-06 07:55:00,0.1,0,26.8778,0,8480.11,0.0,50058.0,0.0
2014-04-06 08:00:00,0.102,0,26.7957,0,7957.67,0.0,50058.0,0.0
2014-04-06 08:05:00,0.066,0,27.0493,0,8200.75,0.0,50058.0,0.0
2014-04-06 08:10:00,0.102,0,26.6638,0,8196.64,0.0,50058.0,0.0
2014-04-06 08:15:00,0.1,0,26.5751,0,8197.51,0.0,50058.0,0.0
2014-04-06 08:20:00,0.068,0,26.4667,0,8198.84,0.0,50058.0,0.0
2014-04-06 08:25:00,0.1,0,26.323,0,8196.76,0.0,50058.0,0.0
2014-04-06 08:30:00,0.066,0,26.664,0,8193.43,0.0,50058.0,0.0
2014-04-06 08:35:00,0.1,0,26.6385,0,8185.79,0.0,50058.0,0.0
2014-04-06 08:40:00,0.068,0,26.6224,0,8177.48,0.0,50058.0,0.0
2014-04-06 08:45:00,0.1,0,26.5701,0,8168.33,0.0,50058.0,0.0
2014-04-06 08:50:00,0.068,0,26.5791,0,8158.06,0.0,50058.0,0.0
2014-04-06 08:55:00,0.1,0,26.4916,0,8154.93,0.0,50058.0,0.0
2014-04-06 09:00:00,0.102,0,26.246,0,8143.85,0.0,50058.0,0.0
2014-04-06 09:05:00,0.066,0,26.2278,0,8131.09,0.0,50058.0,0.0
2014-04-06 09:10:00,0.1,0,26.0014,0,8113.12,0.0,50058.0,0.0
2014-04-06 09:15:00,0.068,0,26.1628,0,8087.4,0.0,50058.0,0.0
2014-04-06 09:20:00,0.102,0,26.2132,0,8067.09,0.0,50058.0,0.0
2014-04-06 09:25:00,0.066,0,25.8597,0,8044.23,0.0,50058.0,0.0
2014-04-06 09:30:00,0.134,0,25.797,0,8023.76,0.0,50058.0,0.0
2014-04-06 09:35:00,0.102,0,26.1278,0,8001.56,0.0,50058.0,0.0
2014-04-06 09:40:00,0.068,0,25.7338,0,7977.94,0.0,50058.0,0.0
2014-04-06 09:45:00,0.1,0,25.8565,0,7960.6,0.0,50058.0,0.0
2014-04-06 09:50:00,0.066,0,25.8957,0,7949.16,0.0,50058.0,0.0
2014-04-06 09:55:00,0.102,0,25.8687,0,7933.82,0.0,50058.0,0.0
2014-04-06 10:00:00,0.098,0,25.8842,0,7921.31,0.0,50058.0,0.0
2014-04-06 10:05:00,0.1,0,25.8351,0,7907.38,0.0,50058.0,0.0
2014-04-06 10:10:00,0.066,0,25.9068,0,7887.84,0.0,50058.0,0.0
2014-04-06 10:15:00,0.102,0,25.8958,0,7876.74,0.0,50058.0,0.0
2014-04-06 10:20:00,0.068,0,25.9356,0,7866.33,0.0,50058.0,0.0
2014-04-06 10:25:00,0.102,0,25.7071,0,7859.3,0.0,50058.0,0.0
2014-04-06 10:30:00,0.1,0,26.073,0,7853.15,0.0,50058.0,0.0
2014-04-06 10:35:00,0.068,0,25.8134,0,7839.63,0.0,50058.0,0.0
2014-04-06 10:40:00,0.102,0,25.8661,0,7825.1,0.0,50058.0,0.0
2014-04-06 10:45:00,0.1,0,26.0209,0,7810.96,0.0,50058.0,0.0
2014-04-06 10:50:00,0.1,0,25.9142,0,7796.72,0.0,50058.0,0.0
2014-04-06 10:55:00,0.102,0,25.9588,0,7782.37,0.0,50058.0,0.0
2014-04-06 11:00:00,0.1,0,25.8892,0,7769.86,0.0,50058.0,0.0
2014-04-06 11:05:00,0.102,0,26.0188,0,7761.55,0.0,50058.0,0.0
2014-04-06 11:10:00,0.102,0,25.9105,0,7754.5,0.0,50058.0,0.0
2014-04-06 11:15:00,0.102,0,25.9705,0,7751.99,0.0,50058.0,0.0
2014-04-06 11:20:00,0.066,0,25.9635,0,7746.28,0.0,50058.0,0.0
2014-04-06 11:25:00,0.1,0,25.8533,0,7738.18,0.0,50058.0,0.0
2014-04-06 11:30:00,0.1,0,25.9321,0,7740.24,0.0,50058.0,0.0
2014-04-06 11:35:00,0.1,0,25.9273,0,7743.18,0.0,50058.0,0.0
2014-04-06 11:40:00,0.102,0,26.1031,0,7737.12,0.0,50058.0,0.0
2014-04-06 11:45:00,0.1,0,25.8612,0,7741.66,0.0,50058.0,0.0
2014-04-06 11:50:00,0.098,0,26.015,0,7742.41,0.0,50058.0,0.0
2014-04-06 11:55:00,0.1,0,25.905,0,7743.21,0.0,50058.0,0.0
2014-04-06 12:00:00,0.1,0,25.9114,0,7744.59,0.0,50058.0,0.0
2014-04-06 12:05:00,0.066,0,26.0097,0,7745.71,0.0,50058.0,0.0
2014-04-06 12:10:00,0.1,0,25.8116,0,7747.33,0.0,50058.0,0.0
2014-04-06 12:15:00,0.1,0,26.0239,0,7748.0,0.0,50058.0,0.0
2014-04-06 12:20:00,0.102,0,25.9894,0,7748.22,0.0,50058.0,0.0
2014-04-06 12:25:00,0.098,0,25.9507,0,7748.35,0.0,50058.0,0.0
2014-04-06 12:30:00,0.1,0,25.9079,0,7754.16,0.0,50058.0,0.0
2014-04-06 12:35:00,0.1,0,26.0166,0,7750.22,0.0,50058.0,0.0
2014-04-06 12:40:00,0.1,0,25.903,0,7753.54,0.0,50058.0,0.0
2014-04-06 12:45:00,0.068,0,25.8543,0,7755.61,0.0,50058.0,0.0
2014-04-06 12:50:00,0.1,0,25.9116,0,7753.81,0.0,50058.0,0.0
2014-04-06 12:55:00,0.1,0,25.9148,0,7754.61,0.0,50058.0,0.0
2014-04-06 13:00:00,0.1,0,25.9453,0,7754.24,0.0,50058.0,0.0
2014-04-06 13:05:00,0.1,0,25.9785,0,7755.66,0.0,50058.0,0.0
2014-04-06 13:10:00,0.102,0,25.9239,0,7753.92,0.0,50058.0,0.0
2014-04-06 13:15:00,0.102,0,25.8966,0,7754.8,0.0,50058.0,0.0
2014-04-06 13:20:00,0.068,0,25.8729,0,7753.29,0.0,50058.0,0.0
2014-04-06 13:25:00,0.1,0,25.8596,0,7752.68,0.0,50058.0,0.0
2014-04-06 13:30:00,0.1,0,25.9173,0,7754.72,0.0,50058.0,0.0
2014-04-06 13:35:00,0.102,0,25.9611,0,7754.85,0.0,50058.0,0.0
2014-04-06 13:40:00,0.102,0,25.8117,0,7755.18,0.0,50058.0,0.0
2014-04-06 13:45:00,0.1,0,25.907,0,7750.95,0.0,50058.0,0.0
2014-04-06 13:50:00,0.102,0,25.9838,0,7752.53,0.0,50058.0,0.0
2014-04-06 13:55:00,0.1,0,25.8393,0,7750.42,0.0,50058.0,0.0
2014-04-06 14:00:00,0.1,0,25.8701,0,7750.89,0.0,50058.0,0.0
2014-04-06 14:05:00,0.1,0,25.8421,0,7750.32,0.0,50058.0,0.0
2014-04-06 14:10:00,0.1,0,25.8682,0,7748.03,0.0,50058.0,0.0
2014-04-06 14:15:00,0.1,0,25.9034,0,7750.56,0.0,50058.0,0.0
2014-04-06 14:20:00,0.1,0,25.8613,0,7747.92,0.0,50058.0,0.0
2014-04-06 14:25:00,0.068,0,25.8434,0,7745.91,0.0,50058.0,0.0
2014-04-06 14:30:00,0.102,0,25.8695,0,7744.77,0.0,50058.0,0.0
2014-04-06 14:35:00,0.102,0,25.9481,0,7744.62,0.0,50058.0,0.0
2014-04-06 14:40:00,0.102,0,25.8717,0,7741.78,0.0,50058.0,0.0
2014-04-06 14:45:00,0.1,0,25.9207,0,7740.85,0.0,50058.0,0.0
2014-04-06 14:50:00,0.1,0,25.8403,0,7741.92,0.0,50058.0,0.0
2014-04-06 14:55:00,0.1,0,25.8747,0,7741.54,0.0,50058.0,0.0
2014-04-06 15:00:00,0.1,0,25.908,0,7741.04,0.0,50058.0,0.0
2014-04-06 15:05:00,0.1,0,25.8916,0,7739.77,0.0,50058.0,0.0
2014-04-06 15:10:00,0.1,0,25.8572,0,7737.67,0.0,50058.0,0.0
2014-04-06 15:15:00,0.066,0,25.9155,0,7736.85,0.0,50058.0,0.0
2014-04-06 15:20:00,0.102,0,25.9253,0,7735.86,0.0,50058.0,0.0
2014-04-06 15:25:00,0.266,0,26.0783,0,7767.42,0.0,50058.0,0.0
2014-04-06 15:30:00,0.1,0,26.1616,0,7763.76,0.0,50058.0,0.0
2014-04-06 15:35:00,0.068,0,25.8497,0,7759.17,0.0,50058.0,0.0
2014-04-06 15:40:00,0.1,0,25.9736,0,7753.69,0.0,50058.0,0.0
2014-04-06 15:45:00,0.1,0,25.9216,0,7752.31,0.0,50058.0,0.0
2014-04-06 15:50:00,0.1,0,25.9725,0,7748.84,0.0,50058.0,0.0
2014-04-06 15:55:00,0.1,0,25.9811,0,7743.86,0.0,50058.0,0.0
2014-04-06 16:00:00,0.1,0,26.0173,0,7742.76,0.0,50058.0,0.0
2014-04-06 16:05:00,0.1,0,25.9266,0,7741.33,0.0,50058.0,0.0
2014-04-06 16:10:00,0.1,0,26.0463,0,7740.93,0.0,50058.0,0.0
2014-04-06 16:15:00,0.098,0,25.914,0,7740.35,0.0,50058.0,0.0
2014-04-06 16:20:00,0.068,0,25.9876,0,7739.23,0.0,50058.0,0.0
2014-04-06 16:25:00,0.1,0,25.9196,0,7740.66,0.0,50058.0,0.0
2014-04-06 16:30:00,0.1,0,25.8325,0,7741.65,0.0,50058.0,0.0
2014-04-06 16:35:00,0.102,0,26.0973,0,7742.24,0.0,50058.0,0.0
2014-04-06 16:40:00,0.098,0,26.0714,0,7741.36,0.0,50058.0,0.0
2014-04-06 16:45:00,0.066,0,25.9418,0,7742.88,0.0,50058.0,0.0
2014-04-06 16:50:00,0.1,0,25.9332,0,7743.51,0.0,50058.0,0.0
2014-04-06 16:55:00,0.102,0,25.8749,0,7746.43,0.0,50058.0,0.0
2014-04-06 17:00:00,0.1,0,26.0931,0,7748.78,0.0,50058.0,0.0
2014-04-06 17:05:00,0.102,0,25.9646,0,7750.79,0.0,50058.0,0.0
2014-04-06 17:10:00,0.068,0,25.8261,0,7753.56,0.0,50058.0,0.0
2014-04-06 17:15:00,0.1,0,25.9716,0,7758.28,0.0,50058.0,0.0
2014-04-06 17:20:00,0.102,0,25.9191,0,7760.98,0.0,50058.0,0.0
2014-04-06 17:25:00,0.098,0,25.7988,0,7766.16,0.0,50058.0,0.0
2014-04-06 17:30:00,0.1,0,25.9881,0,7763.41,0.0,50058.0,0.0
2014-04-06 17:35:00,0.102,0,25.9365,0,7757.67,0.0,50058.0,0.0
2014-04-06 17:40:00,0.068,0,25.851,0,7760.32,0.0,50058.0,0.0
2014-04-06 17:45:00,0.1,0,25.9126,0,7759.86,0.0,50058.0,0.0
2014-04-06 17:50:00,0.102,0,25.8727,0,7760.65,0.0,50058.0,0.0
2014-04-06 17:55:00,0.1,0,25.7557,0,7760.11,0.0,50058.0,0.0
2014-04-06 18:00:00,0.1,0,25.826,0,7759.14,0.0,50058.0,0.0
2014-04-06 18:05:00,0.068,0,25.8497,0,7757.14,0.0,50058.0,0.0
2014-04-06 18:10:00,0.1,0,25.9871,0,7757.24,0.0,50058.0,0.0
2014-04-06 18:15:00,0.098,0,25.8792,0,7754.36,0.0,50058.0,0.0
2014-04-06 18:20:00,0.102,0,25.717,0,7753.87,0.0,50058.0,0.0
2014-04-06 18:25:00,0.102,0,25.8958,0,7752.11,0.0,50058.0,0.0
2014-04-06 18:30:00,0.098,0,26.068,0,7751.95,0.0,50058.0,0.0
2014-04-06 18:35:00,0.102,0,25.7674,0,7754.18,0.0,50058.0,0.0
2014-04-06 18:40:00,0.1,0,25.6313,0,7749.61,0.0,50058.0,0.0
2014-04-06 18:45:00,0.066,0,25.9312,0,7744.47,0.0,50058.0,0.0
2014-04-06 18:50:00,0.102,0,25.8228,0,7743.23,0.0,50058.0,0.0
2014-04-06 18:55:00,0.1,0,25.9205,0,7742.14,0.0,50058.0,0.0
2014-04-06 19:00:00,0.068,0,25.8228,0,7742.49,0.0,50058.0,0.0
2014-04-06 19:05:00,0.1,0,25.7983,0,7737.37,0.0,50058.0,0.0
2014-04-06 19:10:00,0.098,0,26.0,0,7734.33,0.0,50058.0,0.0
2014-04-06 19:15:00,0.068,0,25.8,0,7735.58,0.0,50058.0,0.0
2014-04-06 19:20:00,0.1,0,25.8339,0,7733.22,0.0,50058.0,0.0
2014-04-06 19:25:00,0.102,0,25.8992,0,7731.93,0.0,50058.0,0.0
2014-04-06 19:30:00,0.068,0,25.7985,0,7733.71,0.0,50058.0,0.0
2014-04-06 19:35:00,0.1,0,25.9653,0,7730.81,0.0,50058.0,0.0
2014-04-06 19:40:00,0.068,0,25.8833,0,7728.36,0.0,50058.0,0.0
2014-04-06 19:45:00,0.102,0,25.7861,0,7728.76,0.0,50058.0,0.0
2014-04-06 19:50:00,0.102,0,25.9357,0,7727.61,0.0,50058.0,0.0
2014-04-06 19:55:00,0.068,0,25.8029,0,7727.45,0.0,50058.0,0.0
2014-04-06 20:00:00,0.098,0,25.8826,0,7730.16,0.0,50058.0,0.0
2014-04-06 20:05:00,0.102,0,25.9522,0,7730.43,0.0,50058.0,0.0
2014-04-06 20:10:00,0.066,0,25.7877,0,7731.04,0.0,50058.0,0.0
2014-04-06 20:15:00,0.1,0,25.7893,0,7728.1,0.0,50058.0,0.0
2014-04-06 20:20:00,0.102,0,25.9226,0,7727.76,0.0,50058.0,0.0
2014-04-06 20:25:00,0.1,0,25.8102,0,7731.52,0.0,50058.0,0.0
2014-04-06 20:30:00,0.102,0,25.9262,0,7730.8,0.0,50058.0,0.0
2014-04-06 20:35:00,0.102,0,25.8499,0,7725.9,0.0,50058.0,0.0
2014-04-06 20:40:00,0.068,0,25.8255,0,7728.28,0.0,50058.0,0.0
2014-04-06 20:45:00,0.1,0,25.8634,0,7733.27,0.0,50058.0,0.0
2014-04-06 20:50:00,0.098,0,25.7831,0,7731.87,0.0,50058.0,0.0
2014-04-06 20:55:00,0.066,0,25.8467,0,7733.02,0.0,50058.0,0.0
2014-04-06 21:00:00,0.1,0,25.9517,0,7730.94,0.0,50058.0,0.0
2014-04-06 21:05:00,0.1,0,25.7635,0,7732.11,0.0,50058.0,0.0
2014-04-06 21:10:00,0.1,0,25.8729,0,7733.78,0.0,50058.0,0.0
2014-04-06 21:15:00,0.068,0,25.9304,0,7729.76,0.0,50058.0,0.0
2014-04-06 21:20:00,0.098,0,25.8037,0,7731.44,0.0,50058.0,0.0
2014-04-06 21:25:00,0.102,0,25.9372,0,7732.33,0.0,50058.0,0.0
2014-04-06 21:30:00,0.066,0,25.8167,0,7730.88,0.0,50058.0,0.0
2014-04-06 21:35:00,0.1,0,25.8224,0,7732.62,0.0,50058.0,0.0
2014-04-06 21:40:00,0.102,0,25.9868,0,7729.42,0.0,50058.0,0.0
2014-04-06 21:45:00,0.102,0,25.8753,0,7729.11,0.0,50058.0,0.0
2014-04-06 21:50:00,0.066,0,25.832,0,7731.25,0.0,50058.0,0.0
2014-04-06 21:55:00,0.1,0,25.958,0,7728.85,0.0,50058.0,0.0
2014-04-06 22:00:00,0.068,0,25.9054,0,7730.55,0.0,50058.0,0.0
2014-04-06 22:05:00,0.1,0,25.8177,0,7730.45,0.0,50058.0,0.0
2014-04-06 22:10:00,0.102,0,26.0537,0,7727.65,0.0,50058.0,0.0
2014-04-06 22:15:00,0.102,0,25.8056,0,7729.87,0.0,50058.0,0.0
2014-04-06 22:20:00,0.068,0,25.9454,0,7732.16,0.0,50058.0,0.0
2014-04-06 22:25:00,0.102,0,25.8679,0,7731.22,0.0,50058.0,0.0
2014-04-06 22:30:00,0.066,0,25.9129,0,7733.11,0.0,50058.0,0.0
2014-04-06 22:35:00,0.102,0,25.8295,0,7732.21,0.0,50058.0,0.0
2014-04-06 22:40:00,0.1,0,25.9648,0,7732.28,0.0,50058.0,0.0
2014-04-06 22:45:00,0.066,0,25.8249,0,7733.87,0.0,50058.0,0.0
2014-04-06 22:50:00,0.1,0,25.8925,0,7734.46,0.0,50058.0,0.0
2014-04-06 22:55:00,0.066,0,25.9309,0,7736.32,0.0,50058.0,0.0
2014-04-06 23:00:00,0.1,0,25.7724,0,7737.56,0.0,50058.0,0.0
2014-04-06 23:05:00,0.1,0,25.9266,0,7736.1,0.0,50058.0,0.0
2014-04-06 23:10:00,0.066,0,25.884,0,7739.34,0.0,50058.0,0.0
2014-04-06 23:15:00,0.102,0,25.8156,0,7739.18,0.0,50058.0,0.0
2014-04-06 23:20:00,0.102,0,25.9247,0,7738.23,0.0,50058.0,0.0
2014-04-06 23:25:00,0.1,0,25.9022,0,7740.55,0.0,50058.0,0.0
2014-04-06 23:30:00,0.068,0,25.8928,0,7738.76,0.0,50058.0,0.0
2014-04-06 23:35:00,0.1,0,25.8092,0,7740.75,0.0,50058.0,0.0
2014-04-06 23:40:00,0.102,0,25.831,0,7742.64,0.0,50058.0,0.0
2014-04-06 23:45:00,0.068,0,25.8509,0,7740.46,0.0,50058.0,0.0
2014-04-06 23:50:00,0.102,0,25.953000000000007,0,7740.04,0.0,50058.0,0.0
2014-04-06 23:55:00,0.1,0,25.8798,0,7741.59,0.0,50058.0,0.0
2014-04-07 00:00:00,0.068,0,25.8804,0,7739.27,0.0,50058.0,0.0
2014-04-07 00:05:00,0.1,0,25.8328,0,7738.96,0.0,50058.0,0.0
2014-04-07 00:10:00,0.098,0,25.9193,0,7740.81,0.0,50058.0,0.0
2014-04-07 00:15:00,0.1,0,25.9284,0,7736.88,0.0,50058.0,0.0
2014-04-07 00:20:00,0.068,0,25.8093,0,7738.2,0.0,50058.0,0.0
2014-04-07 00:25:00,0.1,0,25.894,0,7736.85,0.0,50058.0,0.0
2014-04-07 00:30:00,0.102,0,25.9823,0,7736.49,0.0,50058.0,0.0
2014-04-07 00:35:00,0.068,0,25.8105,0,7736.01,0.0,50058.0,0.0
2014-04-07 00:40:00,0.102,0,25.8967,0,7737.47,0.0,50058.0,0.0
2014-04-07 00:45:00,0.068,0,25.9265,0,7734.79,0.0,50058.0,0.0
2014-04-07 00:50:00,0.102,0,25.8505,0,7736.39,0.0,50058.0,0.0
2014-04-07 00:55:00,0.066,0,25.9314,0,7735.5,0.0,50058.0,0.0
2014-04-07 01:00:00,0.1,0,25.8404,0,7734.51,0.0,50058.0,0.0
2014-04-07 01:05:00,0.1,0,25.9375,0,7737.39,0.0,50058.0,0.0
2014-04-07 01:10:00,0.102,0,25.9442,0,7735.73,0.0,50058.0,0.0
2014-04-07 01:15:00,0.068,0,25.9356,0,7736.06,0.0,50058.0,0.0
2014-04-07 01:20:00,0.098,0,25.7904,0,7738.14,0.0,50058.0,0.0
2014-04-07 01:25:00,0.1,0,25.998,0,7737.43,0.0,50058.0,0.0
2014-04-07 01:30:00,0.068,0,25.8351,0,7736.59,0.0,50058.0,0.0
2014-04-07 01:35:00,0.102,0,25.8808,0,7736.67,0.0,50058.0,0.0
2014-04-07 01:40:00,0.068,0,25.8981,0,7738.92,0.0,50058.0,0.0
2014-04-07 01:45:00,0.1,0,25.9551,0,7739.87,0.0,50058.0,0.0
2014-04-07 01:50:00,0.1,0,25.8893,0,7741.25,0.0,50058.0,0.0
2014-04-07 01:55:00,0.068,0,25.794,0,7740.11,0.0,50058.0,0.0
2014-04-07 02:00:00,0.1,0,25.963,0,7739.84,0.0,50058.0,0.0
2014-04-07 02:05:00,0.102,0,25.9104,0,7740.4,0.0,50058.0,0.0
2014-04-07 02:10:00,0.1,0,25.9039,0,7742.14,0.0,50058.0,0.0
2014-04-07 02:15:00,0.068,0,25.8127,0,7741.86,0.0,50058.0,0.0
2014-04-07 02:20:00,0.102,0,25.9087,0,7740.45,0.0,50058.0,0.0
2014-04-07 02:25:00,0.068,0,25.9391,0,7742.79,0.0,50058.0,0.0
2014-04-07 02:30:00,0.102,0,25.7488,0,7743.2,0.0,50058.0,0.0
2014-04-07 02:35:00,0.1,0,25.9833,0,7740.4,0.0,50058.0,0.0
2014-04-07 02:40:00,0.066,0,25.7927,0,7742.75,0.0,50058.0,0.0
2014-04-07 02:45:00,0.102,0,25.9894,0,7742.08,0.0,50058.0,0.0
2014-04-07 02:50:00,0.1,0,25.8163,0,7741.57,0.0,50058.0,0.0
2014-04-07 02:55:00,0.068,0,25.8941,0,7741.99,0.0,50058.0,0.0
2014-04-07 03:00:00,0.1,0,25.956,0,7741.25,0.0,50058.0,0.0
2014-04-07 03:05:00,0.1,0,25.7743,0,7742.8,0.0,50058.0,0.0
2014-04-07 03:10:00,0.068,0,25.9357,0,7741.94,0.0,50058.0,0.0
2014-04-07 03:15:00,0.1,0,25.9236,0,7740.07,0.0,50058.0,0.0
2014-04-07 03:20:00,0.068,0,25.8709,0,7739.14,0.0,50058.0,0.0
2014-04-07 03:25:00,0.1,0,25.8261,0,7741.82,0.0,50058.0,0.0
2014-04-07 03:30:00,0.098,0,25.9921,0,7738.56,0.0,50058.0,0.0
2014-04-07 03:35:00,0.102,0,25.8629,0,7740.17,0.0,50058.0,0.0
2014-04-07 03:40:00,0.068,0,25.8865,0,7739.85,0.0,50058.0,0.0
2014-04-07 03:45:00,0.1,0,25.9043,0,7739.88,0.0,50058.0,0.0
2014-04-07 03:50:00,0.066,0,25.8858,0,7738.52,0.0,50058.0,0.0
2014-04-07 03:55:00,0.102,0,25.8893,0,7737.93,0.0,50058.0,0.0
2014-04-07 04:00:00,16.968,0,27.898000000000003,0,2750.93,0.0,50058.0,0.0
2014-04-07 04:05:00,92.046,0,28.0697,0,2799.54,0.0,50058.0,0.0
2014-04-07 04:10:00,89.334,0,28.2888,0,2901.94,0.0,50058.0,0.0
2014-04-07 04:15:00,91.006,0,27.8896,0,3059.81,0.0,50058.0,0.0
2014-04-07 04:20:00,51.312,0,27.8408,0,3233.02,0.0,50058.0,0.0
2014-04-07 04:25:00,0.102,0,27.3529,0,3424.29,0.0,50058.0,0.0
2014-04-07 04:30:00,0.102,0,27.2793,0,3631.75,0.0,50058.0,0.0
2014-04-07 04:35:00,0.068,0,27.2537,0,3862.39,0.0,50058.0,0.0
2014-04-07 04:40:00,0.102,0,27.352,0,4107.0,0.0,50058.0,0.0
2014-04-07 04:45:00,0.068,0,27.4002,0,4373.3,0.0,50058.0,0.0
2014-04-07 04:50:00,0.102,0,27.5305,0,4653.34,0.0,50058.0,0.0
2014-04-07 04:55:00,0.102,0,27.4666,0,4957.4,0.0,50058.0,0.0
2014-04-07 05:00:00,0.066,0,27.5022,0,5276.98,0.0,50058.0,0.0
2014-04-07 05:05:00,0.1,0,27.4313,0,5613.59,0.0,50058.0,0.0
2014-04-07 05:10:00,0.102,0,27.2001,0,5974.27,0.0,50058.0,0.0
2014-04-07 05:15:00,0.066,0,27.4801,0,6348.26,0.0,50058.0,0.0
2014-04-07 05:20:00,0.1,0,27.5564,0,6742.08,0.0,50058.0,0.0
2014-04-07 05:25:00,0.068,0,27.7618,0,7154.83,0.0,50058.0,0.0
2014-04-07 05:30:00,0.102,0,27.8416,0,7587.62,0.0,50058.0,0.0
2014-04-07 05:35:00,0.102,0,27.5331,0,8035.12,0.0,50058.0,0.0
2014-04-07 05:40:00,0.068,0,27.64,0,8505.35,0.0,50058.0,0.0
2014-04-07 05:45:00,0.102,0,27.5052,0,8992.83,0.0,50058.0,0.0
2014-04-07 05:50:00,0.1,0,27.4231,0,9499.34,0.0,50058.0,0.0
2014-04-07 05:55:00,0.068,0,27.4045,0,10023.9,0.0,50058.0,0.0
2014-04-07 06:00:00,0.1,0,27.0589,0,10569.3,0.0,50058.0,0.0
2014-04-07 06:05:00,0.102,0,26.842,0,9752.08,0.0,50058.0,0.0
2014-04-07 06:10:00,0.1,0,26.9812,0,8969.54,0.0,50058.0,0.0
2014-04-07 06:15:00,0.068,0,26.863000000000003,0,8116.33,0.0,50058.0,0.0
2014-04-07 06:20:00,0.102,0,26.8556,0,8209.53,0.0,50058.0,0.0
2014-04-07 06:25:00,0.1,0,26.9751,0,8198.16,0.0,50058.0,0.0
2014-04-07 06:30:00,0.1,0,26.592,0,8198.11,0.0,50058.0,0.0
2014-04-07 06:35:00,0.068,0,26.5408,0,8198.34,0.0,50058.0,0.0
2014-04-07 06:40:00,0.1,0,26.3996,0,8199.28,0.0,50058.0,0.0
2014-04-07 06:45:00,0.068,0,26.3932,0,8196.09,0.0,50058.0,0.0
2014-04-07 06:50:00,0.1,0,26.7255,0,8191.56,0.0,50058.0,0.0
2014-04-07 06:55:00,0.102,0,26.6505,0,8183.09,0.0,50058.0,0.0
2014-04-07 07:00:00,0.068,0,26.5924,0,8174.48,0.0,50058.0,0.0
2014-04-07 07:05:00,0.102,0,26.5341,0,8164.91,0.0,50058.0,0.0
2014-04-07 07:10:00,0.068,0,26.5905,0,8156.23,0.0,50058.0,0.0
2014-04-07 07:15:00,0.102,0,26.4513,0,8151.6,0.0,50058.0,0.0
2014-04-07 07:20:00,0.1,0,26.2008,0,8140.03,0.0,50058.0,0.0
2014-04-07 07:25:00,0.102,0,26.1233,0,8124.47,0.0,50058.0,0.0
2014-04-07 07:30:00,0.102,0,25.9994,0,8103.16,0.0,50058.0,0.0
2014-04-07 07:35:00,0.068,0,26.2751,0,8078.12,0.0,50058.0,0.0
2014-04-07 07:40:00,0.102,0,25.962,0,8058.38,0.0,50058.0,0.0
2014-04-07 07:45:00,0.066,0,25.8066,0,8035.25,0.0,50058.0,0.0
2014-04-07 07:50:00,0.102,0,25.921,0,8013.61,0.0,50058.0,0.0
2014-04-07 07:55:00,0.068,0,25.9561,0,7991.66,0.0,50058.0,0.0
2014-04-07 08:00:00,58.984,0,27.9409,0,7976.66,0.0,50058.0,0.0
2014-04-07 08:05:00,14.68,0,28.4285,0,4128.76,0.0,50058.0,0.0
2014-04-07 08:10:00,0.068,0,27.2518,0,4125.64,0.0,50058.0,0.0
2014-04-07 08:15:00,0.102,0,27.665,0,4147.92,0.0,50058.0,0.0
2014-04-07 08:20:00,0.066,0,27.201,0,4181.72,0.0,50058.0,0.0
2014-04-07 08:25:00,0.1,0,27.6127,0,4224.71,0.0,50058.0,0.0
2014-04-07 08:30:00,0.068,0,27.3024,0,4304.3,0.0,50058.0,0.0
2014-04-07 08:35:00,0.098,0,27.6517,0,4393.87,0.0,50058.0,0.0
2014-04-07 08:40:00,0.068,0,27.4531,0,4503.49,0.0,50058.0,0.0
2014-04-07 08:45:00,0.1,0,27.8041,0,4627.02,0.0,50058.0,0.0
2014-04-07 08:50:00,0.066,0,27.3709,0,4749.31,0.0,50058.0,0.0
2014-04-07 08:55:00,0.102,0,27.5865,0,4898.43,0.0,50058.0,0.0
2014-04-07 09:00:00,0.068,0,27.6046,0,5065.42,0.0,50058.0,0.0
2014-04-07 09:05:00,0.1,0,27.0286,0,5248.28,0.0,50058.0,0.0
2014-04-07 09:10:00,0.068,0,27.8349,0,5443.39,0.0,50058.0,0.0
2014-04-07 09:15:00,0.102,0,27.891,0,5661.31,0.0,50058.0,0.0
2014-04-07 09:20:00,0.068,0,27.7653,0,5904.13,0.0,50058.0,0.0
2014-04-07 09:25:00,0.1,0,27.702,0,6160.85,0.0,50058.0,0.0
2014-04-07 09:30:00,0.1,0,27.2204,0,6437.9,0.0,50058.0,0.0
2014-04-07 09:35:00,0.1,0,27.9253,0,6715.64,0.0,50058.0,0.0
2014-04-07 09:40:00,0.1,0,27.6306,0,7030.38,0.0,50058.0,0.0
2014-04-07 09:45:00,0.066,0,27.2377,0,7362.41,0.0,50058.0,0.0
2014-04-07 09:50:00,0.102,0,27.4902,0,7700.36,0.0,50058.0,0.0
2014-04-07 09:55:00,0.102,0,27.2781,0,8056.48,0.0,50058.0,0.0
2014-04-07 10:00:00,0.1,0,26.7909,0,7908.99,0.0,50058.0,0.0
2014-04-07 10:05:00,0.102,1,27.5149,0,8249.34,0.0,50058.0,0.0
2014-04-07 10:10:00,0.068,1,27.346,0,8226.39,0.0,50058.0,0.0
2014-04-07 10:15:00,0.1,1,26.9057,0,8232.58,0.0,50058.0,0.0
2014-04-07 10:20:00,0.1,1,27.4143,0,8227.21,0.0,50058.0,0.0
2014-04-07 10:25:00,0.1,1,26.8158,0,8234.0,0.0,50058.0,0.0
2014-04-07 10:30:00,0.202,1,26.8923,0,8269.43,0.0,50058.0,0.0
2014-04-07 10:35:00,0.1,1,26.8325,0,8267.82,0.0,50058.0,0.0
2014-04-07 10:40:00,0.098,1,26.9705,0,8258.59,0.0,50058.0,0.0
2014-04-07 10:45:00,0.068,1,27.5452,0,8252.41,0.0,50058.0,0.0
2014-04-07 10:50:00,0.1,1,26.9435,0,8239.24,0.0,50058.0,0.0
2014-04-07 10:55:00,0.1,1,26.6924,0,8234.67,0.0,50058.0,0.0
2014-04-07 11:00:00,0.068,1,26.9901,0,8225.68,0.0,50058.0,0.0
2014-04-07 11:05:00,0.1,1,27.4978,0,8214.51,0.0,50058.0,0.0
2014-04-07 11:10:00,0.098,1,26.7505,0,8219.12,0.0,50058.0,0.0
2014-04-07 11:15:00,0.234,1,26.0932,0,8226.87,0.0,50058.0,0.0
2014-04-07 11:20:00,0.066,1,26.2377,0,8206.7,0.0,50058.0,0.0
2014-04-07 11:25:00,0.1,1,25.9507,0,8186.76,0.0,50058.0,0.0
2014-04-07 11:30:00,0.1,1,26.163,0,8166.81,0.0,50058.0,0.0
2014-04-07 11:35:00,0.066,1,25.8957,0,8157.63,0.0,50058.0,0.0
2014-04-07 11:40:00,0.1,1,26.176,0,8129.74,0.0,50058.0,0.0
2014-04-07 11:45:00,0.068,1,26.0494,0,8109.17,0.0,50058.0,0.0
2014-04-07 11:50:00,0.102,1,26.1144,0,8095.55,0.0,50058.0,0.0
2014-04-07 11:55:00,0.068,1,26.0448,0,8074.77,0.0,50058.0,0.0
2014-04-07 12:00:00,0.1,1,26.0013,0,8058.16,0.0,50058.0,0.0
2014-04-07 12:05:00,0.066,1,26.0839,0,8052.64,0.0,50058.0,0.0
2014-04-07 12:10:00,0.1,1,26.0095,0,8029.81,0.0,50058.0,0.0
2014-04-07 12:15:00,0.066,1,26.033,0,8008.78,0.0,50058.0,0.0
2014-04-07 12:20:00,0.1,1,25.7818,0,7997.69,0.0,50058.0,0.0
2014-04-07 12:25:00,0.066,1,26.1562,0,7973.02,0.0,50058.0,0.0
2014-04-07 12:30:00,0.1,1,25.797,0,7958.92,0.0,50058.0,0.0
2014-04-07 12:35:00,0.1,1,26.1538,0,7945.49,0.0,50058.0,0.0
2014-04-07 12:40:00,0.066,1,25.9297,0,7933.15,0.0,50058.0,0.0
2014-04-07 12:45:00,0.102,1,25.8247,0,7917.58,0.0,50058.0,0.0
2014-04-07 12:50:00,0.098,1,26.0516,0,7885.78,0.0,50058.0,0.0
2014-04-07 12:55:00,0.068,1,25.7895,0,7867.79,0.0,50058.0,0.0
2014-04-07 13:00:00,0.1,1,25.8932,0,7856.03,0.0,50058.0,0.0
2014-04-07 13:05:00,0.068,1,25.8627,0,7835.42,0.0,50058.0,0.0
2014-04-07 13:10:00,0.1,1,25.7748,0,7801.28,0.0,50058.0,0.0
2014-04-07 13:15:00,0.1,1,25.881,0,7786.68,0.0,50058.0,0.0
2014-04-07 13:20:00,0.1,1,25.9258,0,7783.58,0.0,50058.0,0.0
2014-04-07 13:25:00,0.068,1,25.8435,0,7777.55,0.0,50058.0,0.0
2014-04-07 13:30:00,0.098,1,25.7231,0,7778.29,0.0,50058.0,0.0
2014-04-07 13:35:00,0.102,1,26.0838,0,7772.66,0.0,50058.0,0.0
2014-04-07 13:40:00,0.1,1,25.6201,0,7774.44,0.0,50058.0,0.0
2014-04-07 13:45:00,0.068,1,25.7558,0,7768.17,0.0,50058.0,0.0
2014-04-07 13:50:00,0.1,1,25.7014,0,7765.46,0.0,50058.0,0.0
2014-04-07 13:55:00,0.1,1,25.9848,0,7759.94,0.0,50058.0,0.0
2014-04-07 14:00:00,0.068,1,26.0279,0,7756.82,0.0,50058.0,0.0
2014-04-07 14:05:00,0.1,1,25.7313,0,7753.92,0.0,50058.0,0.0
2014-04-07 14:10:00,0.1,1,25.9423,0,7749.51,0.0,50058.0,0.0
2014-04-07 14:15:00,0.102,1,25.9276,0,7745.96,0.0,50058.0,0.0
2014-04-07 14:20:00,0.068,1,25.9677,0,7742.59,0.0,50058.0,0.0
2014-04-07 14:25:00,0.1,1,25.7828,0,7744.58,0.0,50058.0,0.0
2014-04-07 14:30:00,0.098,1,25.765,0,7738.03,0.0,50058.0,0.0
2014-04-07 14:35:00,0.1,1,25.9649,0,7740.07,0.0,50058.0,0.0
2014-04-07 14:40:00,0.1,1,25.9514,0,7732.51,0.0,50058.0,0.0
2014-04-07 14:45:00,0.064,1,25.8435,0,7731.26,0.0,50058.0,0.0
2014-04-07 14:50:00,0.098,1,25.9982,0,7732.44,0.0,50058.0,0.0
2014-04-07 14:55:00,0.098,1,26.005,0,7727.38,0.0,50058.0,0.0
2014-04-07 15:00:00,0.1,0,0.14793399999999998,0,7729.59,0.0,50058.0,0.0
2014-04-07 15:05:00,0.068,0,0.148649,0,7702.8,0.0,50058.0,0.0
2014-04-07 15:10:00,0.102,0,0.148332,0,7651.79,0.0,50058.0,0.0
2014-04-07 15:15:00,0.1,0,0.149027,0,7577.26,0.0,50058.0,0.0
2014-04-07 15:20:00,0.102,0,0.148679,0,7474.45,0.0,50058.0,0.0
2014-04-07 15:25:00,0.1,0,0.14836300000000002,0,7343.99,0.0,50058.0,0.0
2014-04-07 15:30:00,0.068,0,0.148643,0,7190.56,0.0,50058.0,0.0
2014-04-07 15:35:00,0.102,0,0.148957,0,7014.54,0.0,50058.0,0.0
2014-04-07 15:40:00,81.168,0,0.0970797,0,6884.86,0.0,50058.0,0.0
2014-04-07 15:45:00,81.95200000000001,0,0.102691,0,6821.83,0.0,50058.0,0.0
2014-04-07 15:50:00,95.566,0,0.1041,0,6826.12,0.0,50058.0,0.0
2014-04-07 15:55:00,72.88600000000002,0,0.108267,0,6878.9,0.0,50058.0,0.0
2014-04-07 16:00:00,5.734,0,0.109405,0,8293.13,0.0,50058.0,0.0
2014-04-07 16:05:00,0.1,0,0.108813,0,7594.68,0.0,50058.0,0.0
2014-04-07 16:10:00,0.102,0,0.108766,0,7309.18,0.0,50058.0,0.0
2014-04-07 16:15:00,0.1,0,0.107786,0,7009.75,0.0,50058.0,0.0
2014-04-07 16:20:00,0.1,0,0.107294,0,6683.18,0.0,50058.0,0.0
2014-04-07 16:25:00,0.098,0,0.107546,0,6336.74,0.0,50058.0,0.0
2014-04-07 16:30:00,0.098,0,0.10723599999999997,0,5970.18,0.0,50058.0,0.0
2014-04-07 16:35:00,0.068,0,0.10632,0,5576.59,0.0,50058.0,0.0
2014-04-07 16:40:00,0.1,0,0.106389,0,5278.11,0.0,50058.0,0.0
2014-04-07 16:45:00,0.098,0,0.107312,0,5509.44,0.0,50058.0,0.0
2014-04-07 16:50:00,0.098,0,0.108592,0,5736.42,0.0,50058.0,0.0
2014-04-07 16:55:00,0.102,0,0.109156,0,7138.57,0.0,50058.0,0.0
2014-04-07 17:00:00,0.098,0,0.107395,0,9598.28,0.0,50058.0,0.0
2014-04-07 17:05:00,0.1,0,0.105703,0,9932.84,0.0,50058.0,0.0
2014-04-07 17:10:00,0.1,0,0.104024,0,10268.1,0.0,50058.0,0.0
2014-04-07 17:15:00,0.064,0,0.10523699999999997,0,10603.3,0.0,50058.0,0.0
2014-04-07 17:20:00,0.102,0,0.10733,0,12623.2,0.0,50058.0,0.0
2014-04-07 17:25:00,0.1,0,0.110229,0,12957.5,0.0,50058.0,0.0
2014-04-07 17:30:00,0.102,0,0.110102,0,13291.5,0.0,50058.0,0.0
2014-04-07 17:35:00,0.1,0,0.107643,0,13626.3,0.0,50058.0,0.0
2014-04-07 17:40:00,16.798,0,0.108951,0,5898.54,0.0,50058.0,0.0
2014-04-07 17:45:00,93.126,0,0.108563,0,4217.81,0.0,50058.0,0.0
2014-04-07 17:50:00,87.412,0,0.113549,0,2202.33,0.0,50058.0,0.0
2014-04-07 17:55:00,91.246,0,0.114912,0,755.2919999999998,0.0,50058.0,0.0
2014-04-07 18:00:00,50.738,0,0.117569,0,953.683,0.0,50058.0,0.0
2014-04-07 18:05:00,0.064,0,0.118113,0,1292.9,0.0,50058.0,0.0
2014-04-07 18:10:00,0.098,0,0.116444,0,1631.79,0.0,50058.0,0.0
2014-04-07 18:15:00,0.098,0,0.116426,0,1970.58,0.0,50058.0,0.0
2014-04-07 18:20:00,0.1,0,0.113862,0,2309.42,0.0,50058.0,0.0
2014-04-07 18:25:00,0.096,0,0.115256,0,2648.21,0.0,50058.0,0.0
2014-04-07 18:30:00,0.1,0,0.115911,0,2987.0,0.0,50058.0,0.0
2014-04-07 18:35:00,0.066,0,0.116674,0,3325.01,0.0,50058.0,0.0
2014-04-07 18:40:00,0.098,0,0.116655,0,3663.91,0.0,50058.0,0.0
2014-04-07 18:45:00,0.1,0,0.116275,0,4002.77,0.0,50058.0,0.0
2014-04-07 18:50:00,0.096,0,0.116511,0,4341.62,0.0,50058.0,0.0
2014-04-07 18:55:00,0.1,0,0.118323,0,4680.54,0.0,50058.0,0.0
2014-04-07 19:00:00,10.658,0,0.117278,0,5029.87,0.0,50058.0,0.0
2014-04-07 19:05:00,96.162,0,0.115472,0,5475.35,0.0,50058.0,0.0
2014-04-07 19:10:00,86.25200000000002,0,0.114493,0,6006.99,0.0,50058.0,0.0
2014-04-07 19:15:00,91.294,0,0.111437,0,6628.85,0.0,50058.0,0.0
2014-04-07 19:20:00,56.962,0,0.115368,0,7308.55,0.0,50058.0,0.0
2014-04-07 19:25:00,0.102,0,0.117409,0,7988.15,0.0,50058.0,0.0
2014-04-07 19:30:00,0.1,0,0.118576,0,8667.73,0.0,50058.0,0.0
2014-04-07 19:35:00,0.1,0,0.117516,0,9347.43,0.0,50058.0,0.0
2014-04-07 19:40:00,0.1,0,0.115427,0,9610.16,0.0,50058.0,0.0
2014-04-07 19:45:00,0.066,0,0.115547,0,7947.94,0.0,50058.0,0.0
2014-04-07 19:50:00,0.1,0,0.11461,0,6335.56,0.0,50058.0,0.0
2014-04-07 19:55:00,0.1,0,0.11621,0,4540.16,0.0,50058.0,0.0
2014-04-07 20:00:00,0.098,0,0.115521,0,3666.39,0.0,50058.0,0.0
2014-04-07 20:05:00,0.068,0,0.11604,0,4006.28,0.0,50058.0,0.0
2014-04-07 20:10:00,0.102,0,0.116625,0,4346.96,0.0,50058.0,0.0
2014-04-07 20:15:00,0.098,0,0.116376,0,4687.68,0.0,50058.0,0.0
2014-04-07 20:20:00,0.068,0,0.116399,0,5028.49,0.0,50058.0,0.0
2014-04-07 20:25:00,0.102,0,0.113492,0,5369.26,0.0,50058.0,0.0
2014-04-07 20:30:00,0.102,0,0.114071,0,5710.08,0.0,50058.0,0.0
2014-04-07 20:35:00,0.1,0,0.113728,0,6050.04,0.0,50058.0,0.0
2014-04-07 20:40:00,0.068,0,0.1163,0,6390.78,0.0,50058.0,0.0
2014-04-07 20:45:00,0.102,0,0.117841,0,6731.56,0.0,50058.0,0.0
2014-04-07 20:50:00,0.102,0,0.11893800000000003,0,7072.25,0.0,50058.0,0.0
2014-04-07 20:55:00,0.102,0,0.117931,0,7413.03,0.0,50058.0,0.0
2014-04-07 21:00:00,0.102,0,0.116792,0,7490.73,0.0,50058.0,0.0
2014-04-07 21:05:00,0.068,0,0.11586,0,5420.31,0.0,50058.0,0.0
2014-04-07 21:10:00,0.098,0,0.112474,0,3501.58,0.0,50058.0,0.0
2014-04-07 21:15:00,0.098,0,0.112346,0,1370.64,0.0,50058.0,0.0
2014-04-07 21:20:00,0.1,0,0.108993,0,6.7629,0.0,50058.0,0.0
2014-04-07 21:25:00,0.102,0,0.109183,0,6.9710800000000015,0.0,50058.0,0.0
2014-04-07 21:30:00,0.064,0,0.109108,0,7.110060000000002,0.0,50058.0,0.0
2014-04-07 21:35:00,0.1,0,0.10738,0,7.21157,0.0,50058.0,0.0
2014-04-07 21:40:00,0.102,0,0.107677,0,7.32638,0.0,50058.0,0.0
2014-04-07 21:45:00,0.1,0,0.10519,0,6.633560000000001,0.0,50058.0,0.0
2014-04-07 21:50:00,0.1,0,0.107826,0,6.7435100000000014,0.0,50058.0,0.0
2014-04-07 21:55:00,0.068,0,0.108526,0,6.90118,0.0,50058.0,0.0
2014-04-07 22:00:00,0.1,0,0.110273,0,6.96275,0.0,50058.0,0.0
2014-04-07 22:05:00,0.098,0,0.110325,0,6.28563,0.0,50058.0,0.0
2014-04-07 22:10:00,0.1,0,0.109305,0,6.40832,0.0,50058.0,0.0
2014-04-07 22:15:00,0.098,0,0.108791,0,6.41366,0.0,50058.0,0.0
2014-04-07 22:20:00,0.066,0,0.110002,0,5.6993800000000014,0.0,50058.0,0.0
2014-04-07 22:25:00,0.102,0,0.108037,0,5.7941699999999985,0.0,50058.0,0.0
2014-04-07 22:30:00,0.1,0,0.105929,0,5.95526,0.0,50058.0,0.0
2014-04-07 22:35:00,0.068,0,0.10329,0,6.07832,0.0,50058.0,0.0
2014-04-07 22:40:00,0.1,0,0.14816700000000002,0,5.39915,0.0,50058.0,0.0
2014-04-07 22:45:00,0.368,0,0.144112,0,5.6797900000000014,0.0,50058.0,0.0
2014-04-07 22:50:00,0.368,0,0.14135599999999998,0,6.13152,0.0,50058.0,0.0
2014-04-07 22:55:00,8.33,0,0.101431,0,14.7286,0.0,50058.0,0.0
2014-04-07 23:00:00,0.1,0,0.104662,0,23.3353,0.0,50058.0,0.0
2014-04-07 23:05:00,0.098,0,0.100426,0,31.1113,0.0,50058.0,0.0
2014-04-07 23:10:00,0.1,0,0.105242,0,39.6122,0.0,50058.0,0.0
2014-04-07 23:15:00,0.1,0,0.104169,0,48.1851,0.0,50058.0,0.0
2014-04-07 23:20:00,0.102,0,0.101971,0,65.6989,0.0,50058.0,0.0
2014-04-07 23:25:00,0.068,0,0.101279,0,74.4596,0.0,50058.0,0.0
2014-04-07 23:30:00,0.102,0,0.103162,0,91.0762,0.0,50058.0,0.0
2014-04-07 23:35:00,0.1,0,0.103148,0,99.7239,0.0,50058.0,0.0
2014-04-07 23:40:00,0.1,0,0.102145,0,108.466,0.0,50058.0,0.0
2014-04-07 23:45:00,0.068,0,0.100892,0,117.175,0.0,50058.0,0.0
2014-04-07 23:50:00,0.102,0,0.101488,0,143.66299999999995,0.0,50058.0,0.0
2014-04-07 23:55:00,0.098,0,0.103534,0,151.411,0.0,50058.0,0.0
2014-04-08 00:00:00,0.068,0,0.10393,0,160.063,0.0,50058.0,0.0
2014-04-08 00:05:00,0.102,0,0.103111,0,186.351,0.0,50058.0,0.0
2014-04-08 00:10:00,0.1,0,0.102512,0,194.914,0.0,50058.0,0.0
2014-04-08 00:15:00,0.098,0,0.0997674,0,203.441,0.0,50058.0,0.0
2014-04-08 00:20:00,0.068,0,0.100416,0,228.49400000000003,0.0,50058.0,0.0
2014-04-08 00:25:00,0.1,0,0.10041,0,237.08,0.0,50058.0,0.0
2014-04-08 00:30:00,0.102,0,0.104945,0,245.658,0.0,50058.0,0.0
2014-04-08 00:35:00,0.102,0,0.104431,0,253.245,0.0,50058.0,0.0
2014-04-08 00:40:00,0.066,0,0.105276,0,261.975,0.0,50058.0,0.0
2014-04-08 00:45:00,0.102,0,0.100519,0,280.781,0.0,50058.0,0.0
2014-04-08 00:50:00,0.1,0,0.099407,0,281.5,0.0,50058.0,0.0
2014-04-08 00:55:00,0.068,0,0.106578,0,3.32306,0.0,50058.0,0.0
2014-04-08 01:00:00,0.102,0,0.100157,0,3.51488,0.0,50058.0,0.0
2014-04-08 01:05:00,0.102,0,0.105366,0,3.5240400000000003,0.0,50058.0,0.0
2014-04-08 01:10:00,0.066,0,0.102016,0,3.8357,0.0,50058.0,0.0
2014-04-08 01:15:00,0.1,0,0.104326,0,4.10355,0.0,50058.0,0.0
2014-04-08 01:20:00,0.098,0,0.102371,0,4.30439,0.0,50058.0,0.0
2014-04-08 01:25:00,0.068,0,0.100442,0,3.5053,0.0,50058.0,0.0
2014-04-08 01:30:00,0.098,0,0.103748,0,4.14153,0.0,50058.0,0.0
2014-04-08 01:35:00,0.1,0,0.0987693,0,4.54652,0.0,50058.0,0.0
2014-04-08 01:40:00,0.068,0,0.106224,0,5.1356199999999985,0.0,50058.0,0.0
2014-04-08 01:45:00,0.1,0,0.103378,0,4.11561,0.0,50058.0,0.0
2014-04-08 01:50:00,0.068,0,0.105134,0,4.3814199999999985,0.0,50058.0,0.0
2014-04-08 01:55:00,0.1,0,0.101665,0,4.67172,0.0,50058.0,0.0
2014-04-08 02:00:00,0.068,0,0.103096,0,3.80577,0.0,50058.0,0.0
2014-04-08 02:05:00,0.1,0,0.10251,0,4.049919999999998,0.0,50058.0,0.0
2014-04-08 02:10:00,0.102,0,0.106739,0,5.79462,0.0,50058.0,0.0
2014-04-08 02:15:00,0.068,0,0.149158,0,5.9734,0.0,50058.0,0.0
2014-04-08 02:20:00,0.1,0,0.148205,0,5.18253,0.0,50058.0,0.0
2014-04-08 02:25:00,0.1,0,0.149336,0,5.56811,0.0,50058.0,0.0
2014-04-08 02:30:00,0.068,0,0.14868399999999998,0,6.03482,0.0,50058.0,0.0
2014-04-08 02:35:00,0.102,0,0.148799,0,8.369760000000001,0.0,50058.0,0.0
2014-04-08 02:40:00,0.102,0,0.148444,0,7.5815,0.0,50058.0,0.0
2014-04-08 02:45:00,0.068,0,0.149054,0,8.05899,0.0,50058.0,0.0
2014-04-08 02:50:00,0.102,0,0.148677,0,10.638,0.0,50058.0,0.0
2014-04-08 02:55:00,0.068,0,0.148572,0,8.43932,0.0,50058.0,0.0
2014-04-08 03:00:00,0.1,0,0.14868299999999998,0,9.00388,0.0,50058.0,0.0
2014-04-08 03:05:00,0.066,0,0.148731,0,9.75869,0.0,50058.0,0.0
2014-04-08 03:10:00,0.102,0,0.148484,0,12.4684,0.0,50058.0,0.0
2014-04-08 03:15:00,0.068,0,0.148597,0,13.3077,0.0,50058.0,0.0
2014-04-08 03:20:00,0.102,0,0.149039,0,14.509,0.0,50058.0,0.0
2014-04-08 03:25:00,0.098,0,0.14844000000000002,0,14.078,0.0,50058.0,0.0
2014-04-08 03:30:00,0.068,0,0.14865,0,15.1576,0.0,50058.0,0.0
2014-04-08 03:35:00,0.102,0,0.148313,0,18.4653,0.0,50058.0,0.0
2014-04-08 03:40:00,0.068,0,0.148885,0,17.6151,0.0,50058.0,0.0
2014-04-08 03:45:00,0.102,0,0.148619,0,18.933,0.0,50058.0,0.0
2014-04-08 03:50:00,0.068,0,0.14873699999999998,0,19.5815,0.0,50058.0,0.0
2014-04-08 03:55:00,0.102,0,0.148506,0,22.0313,0.0,50058.0,0.0
2014-04-08 04:00:00,0.102,0,0.148254,0,14.8225,0.0,50058.0,0.0
2014-04-08 04:05:00,0.066,0,0.148974,0,16.1343,0.0,50058.0,0.0
2014-04-08 04:10:00,0.098,0,0.14818900000000002,0,17.5587,0.0,50058.0,0.0
2014-04-08 04:15:00,0.102,0,0.148603,0,18.0729,0.0,50058.0,0.0
2014-04-08 04:20:00,0.102,0,0.149042,0,18.3346,0.0,50058.0,0.0
2014-04-08 04:25:00,0.102,0,0.148376,0,18.618,0.0,50058.0,0.0
2014-04-08 04:30:00,0.068,0,0.14875,0,18.1053,0.0,50058.0,0.0
2014-04-08 04:35:00,0.102,0,0.14863900000000002,0,18.4243,0.0,50058.0,0.0
2014-04-08 04:40:00,0.102,0,0.148641,0,18.7404,0.0,50058.0,0.0
2014-04-08 04:45:00,0.068,0,0.148292,0,18.2492,0.0,50058.0,0.0
2014-04-08 04:50:00,0.102,0,0.14845799999999998,0,18.5586,0.0,50058.0,0.0
2014-04-08 04:55:00,0.066,0,0.148545,0,18.0628,0.0,50058.0,0.0
2014-04-08 05:00:00,0.1,0,0.149009,0,18.3375,0.0,50058.0,0.0
2014-04-08 05:05:00,0.102,0,0.147843,0,17.7579,0.0,50058.0,0.0
2014-04-08 05:10:00,0.066,0,0.14918399999999998,0,18.0763,0.0,50058.0,0.0
2014-04-08 05:15:00,0.102,0,0.147494,0,17.5512,0.0,50058.0,0.0
2014-04-08 05:20:00,0.068,0,0.14923699999999998,0,17.8724,0.0,50058.0,0.0
2014-04-08 05:25:00,0.102,0,0.14852200000000002,0,18.0831,0.0,50058.0,0.0
2014-04-08 05:30:00,0.102,0,0.148175,0,17.5543,0.0,50058.0,0.0
2014-04-08 05:35:00,0.066,0,0.14916300000000002,0,17.872,0.0,50058.0,0.0
2014-04-08 05:40:00,0.102,0,0.147774,0,17.3487,0.0,50058.0,0.0
2014-04-08 05:45:00,0.102,0,0.14921900000000002,0,17.6264,0.0,50058.0,0.0
2014-04-08 05:50:00,0.068,0,0.147652,0,17.0952,0.0,50058.0,0.0
2014-04-08 05:55:00,0.102,0,0.149024,0,17.3761,0.0,50058.0,0.0
2014-04-08 06:00:00,0.068,0,0.14843,0,17.697,0.0,50058.0,0.0
2014-04-08 06:05:00,0.102,0,0.148361,0,17.1241,0.0,50058.0,0.0
2014-04-08 06:10:00,0.102,0,0.14866,0,17.2974,0.0,50058.0,0.0
2014-04-08 06:15:00,0.066,0,0.148345,0,17.6219,0.0,50058.0,0.0
2014-04-08 06:20:00,0.102,0,0.148566,0,17.9363,0.0,50058.0,0.0
2014-04-08 06:25:00,0.068,0,0.14865599999999998,0,18.2736,0.0,50058.0,0.0
2014-04-08 06:30:00,0.328,0,0.14364000000000002,0,17.9099,0.0,50058.0,0.0
2014-04-08 06:35:00,0.168,0,0.145153,0,18.3309,0.0,50058.0,0.0
2014-04-08 06:40:00,0.068,0,0.143879,0,18.785,0.0,50058.0,0.0
2014-04-08 06:45:00,0.1,0,0.144742,0,18.3863,0.0,50058.0,0.0
2014-04-08 06:50:00,0.068,0,0.145581,0,18.8424,0.0,50058.0,0.0
2014-04-08 06:55:00,0.102,0,0.14340899999999998,0,18.3917,0.0,50058.0,0.0
2014-04-08 07:00:00,0.102,0,0.14423,0,18.7477,0.0,50058.0,0.0
2014-04-08 07:05:00,0.1,0,0.144143,0,19.1379,0.0,50058.0,0.0
2014-04-08 07:10:00,0.1,0,0.145055,0,18.6543,0.0,50058.0,0.0
2014-04-08 07:15:00,0.068,0,0.144683,0,19.0324,0.0,50058.0,0.0
2014-04-08 07:20:00,0.102,0,0.14323,0,18.5982,0.0,50058.0,0.0
2014-04-08 07:25:00,0.068,0,0.14442,0,18.9662,0.0,50058.0,0.0
2014-04-08 07:30:00,0.102,0,0.144257,0,19.3473,0.0,50058.0,0.0
2014-04-08 07:35:00,0.066,0,0.144978,0,18.8688,0.0,50058.0,0.0
2014-04-08 07:40:00,0.1,0,0.144595,0,19.2284,0.0,50058.0,0.0
2014-04-08 07:45:00,0.102,0,0.14446199999999998,0,19.6181,0.0,50058.0,0.0
2014-04-08 07:50:00,0.1,0,0.143508,0,19.1204,0.0,50058.0,0.0
2014-04-08 07:55:00,0.234,0,0.142455,0,19.5212,0.0,50058.0,0.0
2014-04-08 08:00:00,0.166,0,0.142469,0,19.0155,0.0,50058.0,0.0
2014-04-08 08:05:00,0.1,0,0.144228,0,19.3361,0.0,50058.0,0.0
2014-04-08 08:10:00,0.068,0,0.144551,0,20.5624,0.0,50058.0,0.0
2014-04-08 08:15:00,0.098,0,0.145283,0,19.1332,0.0,50058.0,0.0
2014-04-08 08:20:00,0.102,0,0.143757,0,19.4466,0.0,50058.0,0.0
2014-04-08 08:25:00,0.068,0,0.14110599999999998,0,18.9338,0.0,50058.0,0.0
2014-04-08 08:30:00,0.102,0,0.144846,0,15.9102,0.0,50058.0,0.0
2014-04-08 08:35:00,0.1,0,0.143098,0,16.6266,0.0,50058.0,0.0
2014-04-08 08:40:00,0.068,0,0.144536,0,16.074,0.0,50058.0,0.0
2014-04-08 08:45:00,0.268,0,0.142307,0,16.3995,0.0,50058.0,0.0
2014-04-08 08:50:00,0.098,0,0.142915,0,15.9039,0.0,50058.0,0.0
2014-04-08 08:55:00,0.1,0,0.142979,0,16.2035,0.0,50058.0,0.0
2014-04-08 09:00:00,0.1,0,0.14266900000000002,0,16.5568,0.0,50058.0,0.0
2014-04-08 09:05:00,0.1,0,0.143819,0,16.8408,0.0,50058.0,0.0
2014-04-08 09:10:00,0.066,0,0.141562,0,17.1606,0.0,50058.0,0.0
2014-04-08 09:15:00,0.102,0,0.14241199999999998,0,16.6529,0.0,50058.0,0.0
2014-04-08 09:20:00,0.1,0,0.143569,0,16.97,0.0,50058.0,0.0
2014-04-08 09:25:00,0.066,0,0.142848,0,16.5083,0.0,50058.0,0.0
2014-04-08 09:30:00,0.102,0,0.14317,0,16.8324,0.0,50058.0,0.0
2014-04-08 09:35:00,0.102,0,0.142876,0,16.2594,0.0,50058.0,0.0
2014-04-08 09:40:00,0.068,0,0.14338099999999998,0,16.5149,0.0,50058.0,0.0
2014-04-08 09:45:00,0.098,0,0.14418399999999998,0,16.8304,0.0,50058.0,0.0
2014-04-08 09:50:00,0.1,0,0.145209,0,17.1009,0.0,50058.0,0.0
2014-04-08 09:55:00,0.066,0,0.145828,0,16.2553,0.0,50058.0,0.0
2014-04-08 10:00:00,0.098,0,0.144979,0,17.0408,0.0,50058.0,0.0
2014-04-08 10:05:00,0.102,0,0.14540999999999998,0,17.3725,0.0,50058.0,0.0
2014-04-08 10:10:00,0.066,0,0.144457,0,16.8973,0.0,50058.0,0.0
2014-04-08 10:15:00,0.1,0,0.14519300000000002,0,17.1322,0.0,50058.0,0.0
2014-04-08 10:20:00,0.1,0,0.145786,0,17.4475,0.0,50058.0,0.0
2014-04-08 10:25:00,0.1,0,0.144872,0,16.9534,0.0,50058.0,0.0
2014-04-08 10:30:00,0.066,0,0.145816,0,17.3786,0.0,50058.0,0.0
2014-04-08 10:35:00,0.098,0,0.14424,0,17.6691,0.0,50058.0,0.0
2014-04-08 10:40:00,0.1,0,0.144777,0,17.2027,0.0,50058.0,0.0
2014-04-08 10:45:00,0.1,0,0.146828,0,15.4969,0.0,50058.0,0.0
2014-04-08 10:50:00,0.066,0,0.145086,0,15.7273,0.0,50058.0,0.0
2014-04-08 10:55:00,0.102,0,0.146056,0,15.9913,0.0,50058.0,0.0
2014-04-08 11:00:00,0.098,0,0.145446,0,16.2588,0.0,50058.0,0.0
2014-04-08 11:05:00,0.1,0,0.146075,0,16.5365,0.0,50058.0,0.0
2014-04-08 11:10:00,0.066,0,0.145836,0,15.973,0.0,50058.0,0.0
2014-04-08 11:15:00,0.1,0,0.146305,0,16.3338,0.0,50058.0,0.0
2014-04-08 11:20:00,0.098,0,0.147201,0,16.6321,0.0,50058.0,0.0
2014-04-08 11:25:00,0.1,0,0.144781,0,16.0563,0.0,50058.0,0.0
2014-04-08 11:30:00,0.066,0,0.147521,0,16.3998,0.0,50058.0,0.0
2014-04-08 11:35:00,0.102,0,0.146553,0,16.7398,0.0,50058.0,0.0
2014-04-08 11:40:00,0.102,0,0.14719200000000002,0,16.2406,0.0,50058.0,0.0
2014-04-08 11:45:00,0.102,0,0.146253,0,16.4491,0.0,50058.0,0.0
2014-04-08 11:50:00,0.066,0,0.14691600000000002,0,16.7224,0.0,50058.0,0.0
2014-04-08 11:55:00,0.102,0,0.145892,0,16.1208,0.0,50058.0,0.0
2014-04-08 12:00:00,0.102,0,0.148308,0,16.2684,0.0,50058.0,0.0
2014-04-08 12:05:00,0.102,0,0.148781,0,16.5357,0.0,50058.0,0.0
2014-04-08 12:10:00,0.102,0,0.14848499999999998,0,15.896,0.0,50058.0,0.0
2014-04-08 12:15:00,0.068,0,0.148777,0,16.1312,0.0,50058.0,0.0
2014-04-08 12:20:00,0.1,0,0.149005,0,16.3524,0.0,50058.0,0.0
2014-04-08 12:25:00,0.102,0,0.148823,0,16.5605,0.0,50058.0,0.0
2014-04-08 12:30:00,0.102,0,0.148281,0,15.9425,0.0,50058.0,0.0
2014-04-08 12:35:00,0.068,0,0.148936,0,16.1024,0.0,50058.0,0.0
2014-04-08 12:40:00,0.102,0,0.148594,0,16.3507,0.0,50058.0,0.0
2014-04-08 12:45:00,0.102,0,0.149114,0,16.588,0.0,50058.0,0.0
2014-04-08 12:50:00,0.1,0,0.148492,0,15.9284,0.0,50058.0,0.0
2014-04-08 12:55:00,0.102,0,0.148374,0,16.1779,0.0,50058.0,0.0
2014-04-08 13:00:00,0.102,0,0.149045,0,16.3065,0.0,50058.0,0.0
2014-04-08 13:05:00,0.066,0,0.14898699999999998,0,16.5354,0.0,50058.0,0.0
2014-04-08 13:10:00,0.102,0,0.148502,0,15.9,0.0,50058.0,0.0
2014-04-08 13:15:00,0.1,0,0.1489,0,16.0891,0.0,50058.0,0.0
2014-04-08 13:20:00,0.1,0,0.14887,0,16.2195,0.0,50058.0,0.0
2014-04-08 13:25:00,0.1,0,0.14849,0,16.378,0.0,50058.0,0.0
2014-04-08 13:30:00,0.102,0,0.148903,0,15.7464,0.0,50058.0,0.0
2014-04-08 13:35:00,0.232,0,0.147242,0,15.9506,0.0,50058.0,0.0
2014-04-08 13:40:00,0.266,0,0.14605,0,16.2522,0.0,50058.0,0.0
2014-04-08 13:45:00,0.1,0,0.145835,0,16.5393,0.0,50058.0,0.0
2014-04-08 13:50:00,0.1,0,0.145828,0,15.9505,0.0,50058.0,0.0
2014-04-08 13:55:00,0.102,0,0.147022,0,16.2088,0.0,50058.0,0.0
2014-04-08 14:00:00,0.1,0,0.146263,0,16.4947,0.0,50058.0,0.0
2014-04-08 14:05:00,0.1,0,0.14538099999999998,0,16.7226,0.0,50058.0,0.0
2014-04-08 14:10:00,0.134,0,0.146039,0,17.9024,0.0,50058.0,0.0
2014-04-08 14:15:00,0.102,0,0.145953,0,16.2396,0.0,50058.0,0.0
2014-04-08 14:20:00,0.504,0,0.139379,0,16.6457,0.0,50058.0,0.0
2014-04-08 14:25:00,0.098,0,0.140505,0,17.0887,0.0,50058.0,0.0
2014-04-08 14:30:00,0.1,0,0.139073,0,18.3543,0.0,50058.0,0.0
2014-04-08 14:35:00,0.098,0,0.140961,0,17.1285,0.0,50058.0,0.0
2014-04-08 14:40:00,0.102,0,0.141259,0,17.5197,0.0,50058.0,0.0
2014-04-08 14:45:00,0.1,0,0.139923,0,17.9137,0.0,50058.0,0.0
2014-04-08 14:50:00,0.1,0,0.139812,0,18.238,0.0,50058.0,0.0
2014-04-08 14:55:00,0.1,0,0.140379,0,18.6186,0.0,50058.0,0.0
2014-04-08 15:00:00,0.1,0,0.139717,0,19.4776,0.0,50058.0,0.0
2014-04-08 15:05:00,0.1,0,0.139001,0,18.45,0.0,50058.0,0.0
2014-04-08 15:10:00,0.102,0,0.139619,0,18.7594,0.0,50058.0,0.0
2014-04-08 15:15:00,0.1,0,0.14073,0,19.0236,0.0,50058.0,0.0
2014-04-08 15:20:00,0.1,0,0.14163,0,19.2701,0.0,50058.0,0.0
2014-04-08 15:25:00,0.1,0,0.141251,0,19.51,0.0,50058.0,0.0
2014-04-08 15:30:00,0.1,0,0.139576,0,19.8018,0.0,50058.0,0.0
2014-04-08 15:35:00,0.102,0,0.140674,0,19.1695,0.0,50058.0,0.0
2014-04-08 15:40:00,0.1,0,0.139667,0,17.6033,0.0,50058.0,0.0
2014-04-08 15:45:00,0.098,0,0.13988499999999998,0,17.7776,0.0,50058.0,0.0
2014-04-08 15:50:00,0.102,0,0.139811,0,17.9492,0.0,50058.0,0.0
2014-04-08 15:55:00,0.1,0,0.142182,0,18.1649,0.0,50058.0,0.0
2014-04-08 16:00:00,0.066,0,0.141621,0,18.3332,0.0,50058.0,0.0
2014-04-08 16:05:00,0.102,0,0.14143599999999998,0,18.513,0.0,50058.0,0.0
2014-04-08 16:10:00,0.098,0,0.139675,0,19.562,0.0,50058.0,0.0
2014-04-08 16:15:00,0.1,0,0.138457,0,19.8229,0.0,50058.0,0.0
2014-04-08 16:20:00,0.102,0,0.14215,0,12.226,0.0,50058.0,0.0
2014-04-08 16:25:00,0.102,0,0.140482,0,12.2279,0.0,50058.0,0.0
2014-04-08 16:30:00,0.098,0,0.142827,0,12.2527,0.0,50058.0,0.0
2014-04-08 16:35:00,0.068,0,0.140789,0,12.2977,0.0,50058.0,0.0
2014-04-08 16:40:00,0.102,0,0.141255,0,12.3932,0.0,50058.0,0.0
2014-04-08 16:45:00,0.1,0,0.140782,0,12.4335,0.0,50058.0,0.0
2014-04-08 16:50:00,0.1,0,0.140234,0,12.5068,0.0,50058.0,0.0
2014-04-08 16:55:00,0.098,0,0.14236500000000002,0,12.5851,0.0,50058.0,0.0
2014-04-08 17:00:00,0.102,0,0.139218,0,12.6498,0.0,50058.0,0.0
2014-04-08 17:05:00,0.1,0,0.143174,0,12.7299,0.0,50058.0,0.0
2014-04-08 17:10:00,0.102,0,0.14155299999999998,0,12.8794,0.0,50058.0,0.0
2014-04-08 17:15:00,0.098,0,0.142529,0,12.97,0.0,50058.0,0.0
2014-04-08 17:20:00,0.1,0,0.140907,0,13.0357,0.0,50058.0,0.0
2014-04-08 17:25:00,0.136,0,0.141818,0,13.0431,0.0,50058.0,0.0
2014-04-08 17:30:00,0.098,0,0.141508,1,13.0621,0.0,50058.0,0.0
2014-04-08 17:35:00,0.1,0,0.143393,1,13.1733,0.0,50058.0,0.0
2014-04-08 17:40:00,0.1,0,0.149271,1,13.2128,0.0,50058.0,0.0
2014-04-08 17:45:00,0.102,0,0.149168,1,13.2341,0.0,50058.0,0.0
2014-04-08 17:50:00,43.278,0,0.0975272,1,56.4371,0.0,50058.0,0.0
2014-04-08 17:55:00,90.154,0,0.101218,1,193.743,0.0,50058.0,0.0
2014-04-08 18:00:00,94.47,0,0.104169,1,419.285,0.0,50058.0,0.0
2014-04-08 18:05:00,87.604,0,0.106928,1,733.908,0.0,50058.0,0.0
2014-04-08 18:10:00,28.8,0,0.109745,1,1077.06,0.0,50058.0,0.0
2014-04-08 18:15:00,0.1,0,0.109665,1,2794.59,0.0,50058.0,0.0
2014-04-08 18:20:00,0.1,0,0.109505,1,3137.9,0.0,50058.0,0.0
2014-04-08 18:25:00,0.098,0,0.108644,1,3481.04,0.0,50058.0,0.0
2014-04-08 18:30:00,0.132,0,0.10791,1,3823.99,0.0,50058.0,0.0
2014-04-08 18:35:00,0.1,0,0.107988,1,4166.22,0.0,50058.0,0.0
2014-04-08 18:40:00,0.102,0,0.10801199999999997,1,4509.26,0.0,50058.0,0.0
2014-04-08 18:45:00,0.102,0,0.107184,1,4852.2,0.0,50058.0,0.0
2014-04-08 18:50:00,0.102,0,0.10672,1,5195.13,0.0,50058.0,0.0
2014-04-08 18:55:00,0.102,0,0.107389,1,5537.97,0.0,50058.0,0.0
2014-04-08 19:00:00,0.1,0,0.108696,1,5880.84,0.0,50058.0,0.0
2014-04-08 19:05:00,0.1,0,0.109629,1,6223.76,0.0,50058.0,0.0
2014-04-08 19:10:00,0.132,0,0.108795,1,6566.55,0.0,50058.0,0.0
2014-04-08 19:15:00,0.234,0,0.106831,1,6909.36,0.0,50058.0,0.0
2014-04-08 19:20:00,3.094,0,0.105244,1,7255.14,0.0,50058.0,0.0
2014-04-08 19:25:00,0.1,0,0.10514,1,7605.11,0.0,50058.0,0.0
2014-04-08 19:30:00,0.134,0,0.107149,1,7950.84,0.0,50058.0,0.0
2014-04-08 19:35:00,0.102,0,0.109909,1,8299.83,0.0,50058.0,0.0
2014-04-08 19:40:00,0.1,0,0.111344,1,8645.67,0.0,50058.0,0.0
2014-04-08 19:45:00,21.304,0,0.11035,1,9012.39,0.0,50058.0,0.0
2014-04-08 19:50:00,95.438,0,0.110975,1,7324.85,0.0,50058.0,0.0
2014-04-08 19:55:00,88.134,0,0.11277,1,5491.83,0.0,50058.0,0.0
2014-04-08 20:00:00,92.762,0,0.114278,1,3549.28,0.0,50058.0,0.0
2014-04-08 20:05:00,58.308,0,0.118426,1,1749.14,0.0,50058.0,0.0
2014-04-08 20:10:00,0.1,0,0.1185,1,1393.84,0.0,50058.0,0.0
2014-04-08 20:15:00,0.102,0,0.11837,1,1752.28,0.0,50058.0,0.0
2014-04-08 20:20:00,0.1,0,0.11749,1,2110.73,0.0,50058.0,0.0
2014-04-08 20:25:00,0.1,0,0.116418,1,2472.4,0.0,50058.0,0.0
2014-04-08 20:30:00,0.134,0,0.115304,1,2830.46,0.0,50058.0,0.0
2014-04-08 20:35:00,0.1,0,0.115139,1,3188.95,0.0,50058.0,0.0
2014-04-08 20:40:00,0.102,0,0.116012,1,3547.49,0.0,50058.0,0.0
2014-04-08 20:45:00,0.102,0,0.116295,1,3906.05,0.0,50058.0,0.0
2014-04-08 20:50:00,0.1,0,0.117728,1,4264.64,0.0,50058.0,0.0
2014-04-08 20:55:00,0.098,0,0.118079,1,4623.25,0.0,50058.0,0.0
2014-04-08 21:00:00,0.134,0,0.118257,1,4981.81,0.0,50058.0,0.0
2014-04-08 21:05:00,0.098,0,0.118416,1,5340.34,0.0,50058.0,0.0
2014-04-08 21:10:00,0.1,0,0.116509,1,5698.49,0.0,50058.0,0.0
2014-04-08 21:15:00,0.1,0,0.11365,1,6053.76,0.0,50058.0,0.0
2014-04-08 21:20:00,0.1,0,0.110836,1,6328.8,0.0,50058.0,0.0
2014-04-08 21:25:00,0.098,0,0.108689,1,6684.33,0.0,50058.0,0.0
2014-04-08 21:30:00,0.132,0,0.109004,1,7039.42,0.0,50058.0,0.0
2014-04-08 21:35:00,32.234,0,0.112289,1,7427.07,0.0,50058.0,0.0
2014-04-08 21:40:00,92.698,0,0.11306,1,7907.31,0.0,50058.0,0.0
2014-04-08 21:45:00,89.514,0,0.113505,1,7947.14,0.0,50058.0,0.0
2014-04-08 21:50:00,89.212,0,0.115167,1,6201.64,0.0,50058.0,0.0
2014-04-08 21:55:00,42.804,0,0.116479,1,4737.22,0.0,50058.0,0.0
2014-04-08 22:00:00,9.602,0,0.118804,1,2893.31,0.0,50058.0,0.0
2014-04-08 22:05:00,33.254,0,0.11969,1,1769.06,0.0,50058.0,0.0
2014-04-08 22:10:00,92.432,0,0.120473,1,2249.67,0.0,50058.0,0.0
2014-04-08 22:15:00,92.606,0,0.121586,1,2822.8,0.0,50058.0,0.0
2014-04-08 22:20:00,88.97399999999998,0,0.121668,1,3484.71,0.0,50058.0,0.0
2014-04-08 22:25:00,39.212,0,0.123441,1,4185.72,0.0,50058.0,0.0
2014-04-08 22:30:00,0.102,0,0.121976,1,4886.72,0.0,50058.0,0.0
2014-04-08 22:35:00,78.75399999999998,0,0.123893,1,5666.4,0.0,50058.0,0.0
2014-04-08 22:40:00,83.12,0,0.12598399999999998,1,6529.12,0.0,50058.0,0.0
2014-04-08 22:45:00,94.47,0,0.12751400000000002,1,7486.14,0.0,50058.0,0.0
2014-04-08 22:50:00,79.392,0,0.12992,1,8522.36,0.0,50058.0,0.0
2014-04-08 22:55:00,13.37,0,0.13001300000000002,1,9572.29,0.0,50058.0,0.0
2014-04-08 23:00:00,16.468,0,0.128676,1,10638.0,0.0,50058.0,0.0
2014-04-08 23:05:00,98.224,0,0.128608,1,11801.8,0.0,50058.0,0.0
2014-04-08 23:10:00,84.432,0,0.12869,1,13049.8,0.0,50058.0,0.0
2014-04-08 23:15:00,93.168,0,0.129323,1,14390.9,0.0,50058.0,0.0
2014-04-08 23:20:00,67.722,0,0.131398,1,15799.6,0.0,50058.0,0.0
2014-04-08 23:25:00,0.098,0,0.130392,1,17208.5,0.0,50058.0,0.0
2014-04-08 23:30:00,0.102,0,0.12778,1,18617.2,0.0,50058.0,0.0
2014-04-08 23:35:00,0.1,0,0.126375,1,19223.1,0.0,50058.0,0.0
2014-04-08 23:40:00,0.1,0,0.125962,1,18285.5,0.0,50058.0,0.0
2014-04-08 23:45:00,0.132,0,0.12706099999999998,1,17335.1,0.0,50058.0,0.0
2014-04-08 23:50:00,0.132,0,0.129752,1,16302.7,0.0,50058.0,0.0
2014-04-08 23:55:00,0.1,0,0.129521,1,16341.6,0.0,50058.0,0.0
2014-04-09 00:00:00,0.1,0,0.127902,1,17167.9,0.0,50058.0,0.0
2014-04-09 00:05:00,0.098,0,0.125995,1,17706.4,0.0,50058.0,0.0
2014-04-09 00:10:00,0.102,0,0.126421,1,17255.5,0.0,50058.0,0.0
2014-04-09 00:15:00,0.098,0,0.127407,1,15687.0,0.0,50058.0,0.0
2014-04-09 00:20:00,0.068,0,0.12953,1,14124.1,0.0,50058.0,0.0
2014-04-09 00:25:00,0.102,0,0.12953399999999998,1,13816.0,0.0,50058.0,0.0
2014-04-09 00:30:00,0.102,0,0.128166,1,14523.6,0.0,50058.0,0.0
2014-04-09 00:35:00,0.102,0,0.128349,1,13816.6,0.0,50058.0,0.0
2014-04-09 00:40:00,0.1,0,0.127199,1,12205.4,0.0,50058.0,0.0
2014-04-09 00:45:00,0.102,0,0.128865,1,10204.8,0.0,50058.0,0.0
2014-04-09 00:50:00,0.066,0,0.129909,1,8517.02,0.0,50058.0,0.0
2014-04-09 00:55:00,0.102,0,0.130485,1,8532.7,0.0,50058.0,0.0
2014-04-09 01:00:00,0.1,0,0.128982,1,8451.53,0.0,50058.0,0.0
2014-04-09 01:05:00,0.1,0,0.128168,1,6146.59,0.0,50058.0,0.0
2014-04-09 01:10:00,0.1,0,0.124919,1,4115.98,0.0,50058.0,0.0
2014-04-09 01:15:00,31.256,0,0.123758,1,1796.37,0.0,50058.0,0.0
2014-04-09 01:20:00,98.432,0,0.125647,1,171.541,0.0,50058.0,0.0
2014-04-09 01:25:00,87.54,0,0.127426,1,387.639,0.0,50058.0,0.0
2014-04-09 01:30:00,82.25,0,0.128099,1,686.028,0.0,50058.0,0.0
2014-04-09 01:35:00,99.506,0,0.128077,1,1083.79,0.0,50058.0,0.0
2014-04-09 01:40:00,89.074,0,0.127405,1,1570.54,0.0,50058.0,0.0
2014-04-09 01:45:00,68.3,0,0.124922,1,2126.26,0.0,50058.0,0.0
2014-04-09 01:50:00,0.1,0,0.12703699999999998,1,2682.05,0.0,50058.0,0.0
2014-04-09 01:55:00,0.098,0,0.126335,1,3236.76,0.0,50058.0,0.0
2014-04-09 02:00:00,0.1,0,0.126375,1,3792.06,0.0,50058.0,0.0
2014-04-09 02:05:00,30.846,0,0.124793,1,4378.04,0.0,50058.0,0.0
2014-04-09 02:10:00,98.022,0,0.122131,1,5062.04,0.0,50058.0,0.0
2014-04-09 02:15:00,84.75,0,0.123103,1,5830.53,0.0,50058.0,0.0
2014-04-09 02:20:00,80.108,0,0.124981,1,6678.2,0.0,50058.0,0.0
2014-04-09 02:25:00,99.444,0,0.125698,1,7625.92,0.0,50058.0,0.0
2014-04-09 02:30:00,88.302,0,0.126085,1,8661.8,0.0,50058.0,0.0
2014-04-09 02:35:00,67.6,0,0.125158,1,9765.15,0.0,50058.0,0.0
2014-04-09 02:40:00,0.132,0,0.122709,1,18595.3,0.0,50058.0,0.0
2014-04-09 02:45:00,0.098,0,0.122265,1,11971.8,0.0,50058.0,0.0
2014-04-09 02:50:00,0.1,0,0.122104,1,13074.2,0.0,50058.0,0.0
2014-04-09 02:55:00,0.1,0,0.121343,1,14177.5,0.0,50058.0,0.0
2014-04-09 03:00:00,58.664,0,0.122039,1,15339.1,0.0,50058.0,0.0
2014-04-09 03:05:00,98.29,0,0.1241,1,16599.0,0.0,50058.0,0.0
2014-04-09 03:10:00,75.922,0,0.12583,1,17934.7,0.0,50058.0,0.0
2014-04-09 03:15:00,91.896,0,0.127349,1,18584.5,0.0,50058.0,0.0
2014-04-09 03:20:00,99.67,0,0.13025,1,17623.3,0.0,50058.0,0.0
2014-04-09 03:25:00,84.566,0,0.130268,1,17807.6,0.0,50058.0,0.0
2014-04-09 03:30:00,41.522,0,0.130467,1,17109.0,0.0,50058.0,0.0
2014-04-09 03:35:00,0.098,0,0.13014,1,15879.7,0.0,50058.0,0.0
2014-04-09 03:40:00,0.102,0,0.130531,1,14822.3,0.0,50058.0,0.0
2014-04-09 03:45:00,0.102,0,0.130886,1,14216.1,0.0,50058.0,0.0
2014-04-09 03:50:00,0.068,0,0.129434,1,15313.6,0.0,50058.0,0.0
2014-04-09 03:55:00,68.86,0,0.13053299999999998,1,16479.7,0.0,50058.0,0.0
2014-04-09 04:00:00,93.754,0,0.131246,1,17739.4,0.0,50058.0,0.0
2014-04-09 04:05:00,79.194,0,0.133326,1,18280.2,0.0,50058.0,0.0
2014-04-09 04:10:00,95.528,0,0.135525,1,17558.7,0.0,50058.0,0.0
2014-04-09 04:15:00,96.934,0,0.136446,1,16676.8,0.0,50058.0,0.0
2014-04-09 04:20:00,80.482,0,0.137467,1,15916.0,0.0,50058.0,0.0
2014-04-09 04:25:00,20.816,0,0.137462,1,14729.6,0.0,50058.0,0.0
2014-04-09 04:30:00,0.102,0,0.138478,1,13500.9,0.0,50058.0,0.0
2014-04-09 04:35:00,0.1,0,0.138378,1,12763.6,0.0,50058.0,0.0
2014-04-09 04:40:00,0.102,0,0.13607,1,13848.1,0.0,50058.0,0.0
2014-04-09 04:45:00,0.102,0,0.134669,1,14932.0,0.0,50058.0,0.0
2014-04-09 04:50:00,0.102,1,0.133148,1,16016.1,0.0,50058.0,0.0
2014-04-09 04:55:00,0.066,1,0.13283399999999998,1,17100.4,0.0,50058.0,0.0
2014-04-09 05:00:00,0.1,1,0.13280799999999998,1,16721.4,0.0,50058.0,0.0
2014-04-09 05:05:00,0.102,1,0.131338,1,15293.4,0.0,50058.0,0.0
2014-04-09 05:10:00,0.068,1,0.131089,1,14326.5,0.0,50058.0,0.0
2014-04-09 05:15:00,0.1,1,0.131063,1,12884.6,0.0,50058.0,0.0
2014-04-09 05:20:00,0.066,1,0.131942,1,11156.6,0.0,50058.0,0.0
2014-04-09 05:25:00,0.102,1,0.131469,1,9706.85,0.0,50058.0,0.0
2014-04-09 05:30:00,0.1,1,0.12951,1,9248.77,0.0,50058.0,0.0
2014-04-09 05:35:00,0.066,1,0.127922,1,9783.33,0.0,50058.0,0.0
2014-04-09 05:40:00,0.1,1,0.127354,1,10318.0,0.0,50058.0,0.0
2014-04-09 05:45:00,0.066,1,0.12598199999999998,1,10852.7,0.0,50058.0,0.0
2014-04-09 05:50:00,0.1,1,0.124928,1,11386.5,0.0,50058.0,0.0
2014-04-09 05:55:00,0.066,1,0.124087,1,10203.7,0.0,50058.0,0.0
2014-04-09 06:00:00,0.1,1,0.124015,1,8329.77,0.0,50058.0,0.0
2014-04-09 06:05:00,0.1,1,0.123634,1,6726.3,0.0,50058.0,0.0
2014-04-09 06:10:00,0.066,1,0.124021,1,4635.52,0.0,50058.0,0.0
2014-04-09 06:15:00,0.1,1,0.125468,1,2414.28,0.0,50058.0,0.0
2014-04-09 06:20:00,0.068,1,0.125059,1,507.617,0.0,50058.0,0.0
2014-04-09 06:25:00,0.1,1,0.121959,1,12.3108,0.0,50058.0,0.0
2014-04-09 06:30:00,0.102,1,0.120898,1,12.423,0.0,50058.0,0.0
2014-04-09 06:35:00,0.066,1,0.11846199999999997,1,12.4792,0.0,50058.0,0.0
2014-04-09 06:40:00,0.102,1,0.116798,1,12.5658,0.0,50058.0,0.0
2014-04-09 06:45:00,0.066,1,0.11479,1,12.7246,0.0,50058.0,0.0
2014-04-09 06:50:00,0.102,1,0.112947,1,12.8971,0.0,50058.0,0.0
2014-04-09 06:55:00,0.1,1,0.113674,1,12.1879,0.0,50058.0,0.0
2014-04-09 07:00:00,0.068,1,0.113793,1,12.3151,0.0,50058.0,0.0
2014-04-09 07:05:00,0.1,1,0.114878,1,12.474,0.0,50058.0,0.0
2014-04-09 07:10:00,0.102,1,0.115701,1,11.8016,0.0,50058.0,0.0
2014-04-09 07:15:00,0.066,1,0.113782,1,11.9218,0.0,50058.0,0.0
2014-04-09 07:20:00,0.1,1,0.110788,1,11.1754,0.0,50058.0,0.0
2014-04-09 07:25:00,0.068,1,0.109128,1,11.2847,0.0,50058.0,0.0
2014-04-09 07:30:00,0.102,1,0.10717,1,11.333,0.0,50058.0,0.0
2014-04-09 07:35:00,0.102,1,0.105035,1,10.554,0.0,50058.0,0.0
2014-04-09 07:40:00,0.066,1,0.104275,1,10.6402,0.0,50058.0,0.0
2014-04-09 07:45:00,0.102,1,0.1481,1,9.865,0.0,50058.0,0.0
2014-04-09 07:50:00,0.068,1,0.149536,1,9.99282,0.0,50058.0,0.0
2014-04-09 07:55:00,0.102,1,0.147583,1,9.31856,0.0,50058.0,0.0
2014-04-09 08:00:00,0.102,1,0.14915599999999998,1,9.50196,0.0,50058.0,0.0
2014-04-09 08:05:00,0.066,1,0.148412,1,9.74624,0.0,50058.0,0.0
2014-04-09 08:10:00,0.1,1,0.148111,1,9.17444,0.0,50058.0,0.0
2014-04-09 08:15:00,0.066,1,0.149384,1,9.46743,0.0,50058.0,0.0
2014-04-09 08:20:00,0.102,1,0.14761,1,8.947610000000003,0.0,50058.0,0.0
2014-04-09 08:25:00,0.1,1,0.148895,1,9.22816,0.0,50058.0,0.0
2014-04-09 08:30:00,0.068,1,0.148014,1,9.69206,0.0,50058.0,0.0
2014-04-09 08:35:00,0.1,1,0.14845799999999998,1,9.31054,0.0,50058.0,0.0
2014-04-09 08:40:00,0.068,1,0.14893399999999998,1,9.91547,0.0,50058.0,0.0
2014-04-09 08:45:00,0.102,1,0.148044,1,9.69248,0.0,50058.0,0.0
2014-04-09 08:50:00,0.102,1,0.14876099999999998,1,10.4149,0.0,50058.0,0.0
2014-04-09 08:55:00,0.066,1,0.148278,1,11.2034,0.0,50058.0,0.0
2014-04-09 09:00:00,0.102,1,0.14808,1,11.2071,0.0,50058.0,0.0
2014-04-09 09:05:00,0.068,1,0.148846,1,12.0422,0.0,50058.0,0.0
2014-04-09 09:10:00,0.1,1,0.14824,1,12.9352,0.0,50058.0,0.0
2014-04-09 09:15:00,0.1,1,0.14869100000000002,1,12.943,0.0,50058.0,0.0
2014-04-09 09:20:00,0.066,1,0.148612,1,13.8817,0.0,50058.0,0.0
2014-04-09 09:25:00,0.102,1,0.147898,1,14.1281,0.0,50058.0,0.0
2014-04-09 09:30:00,0.102,1,0.14890599999999998,1,15.2692,0.0,50058.0,0.0
2014-04-09 09:35:00,0.234,1,0.14638199999999998,1,16.5372,0.0,50058.0,0.0
2014-04-09 09:40:00,0.3,1,0.144294,1,17.107,0.0,50058.0,0.0
2014-04-09 09:45:00,0.6,0,0.289399,1,19.0124,0.0,50058.0,0.0
2014-04-09 09:50:00,0.664,0,0.28567,1,21.1542,0.0,50058.0,0.0
2014-04-09 09:55:00,0.868,0,0.281445,1,22.3674,0.0,50058.0,0.0
2014-04-09 10:00:00,1.342,0,0.277762,1,25.3064,0.0,50058.0,0.0
2014-04-09 10:05:00,0.936,0,0.272064,1,26.9675,0.0,50058.0,0.0
2014-04-09 10:10:00,26.658,0,0.25657,1,56.3775,0.0,50058.0,0.0
2014-04-09 10:15:00,34.866,0,0.26300100000000004,1,119.515,0.0,50058.0,0.0
2014-04-09 10:20:00,11.734000000000002,0,0.24758400000000005,1,194.68400000000003,0.0,50058.0,0.0
2014-04-09 10:25:00,0.066,0,0.22496,1,270.13,0.0,50058.0,0.0
2014-04-09 10:30:00,0.1,0,0.22034,1,344.606,0.0,50058.0,0.0
2014-04-09 10:35:00,0.1,0,0.221669,1,420.158,0.0,50058.0,0.0
2014-04-09 10:40:00,0.068,0,0.22010900000000005,1,494.865,0.0,50058.0,0.0
2014-04-09 10:45:00,0.102,0,0.217248,1,570.516,0.0,50058.0,0.0
2014-04-09 10:50:00,0.102,0,0.216473,1,646.258,0.0,50058.0,0.0
2014-04-09 10:55:00,0.202,0,0.218507,1,720.9780000000002,0.0,50058.0,0.0
2014-04-09 11:00:00,0.932,0,0.222646,1,797.313,0.0,50058.0,0.0
2014-04-09 11:05:00,2.0340000000000003,0,0.226154,1,874.5010000000002,0.0,50058.0,0.0
2014-04-09 11:10:00,0.102,0,0.225367,1,952.576,0.0,50058.0,0.0
2014-04-09 11:15:00,13.298,0,0.237324,1,1043.69,0.0,50058.0,0.0
2014-04-09 11:20:00,23.014,0,0.251892,1,1156.85,0.0,50058.0,0.0
2014-04-09 11:25:00,0.068,0,0.237172,1,1270.8,0.0,50058.0,0.0
2014-04-09 11:30:00,19.2,0,0.242065,1,1403.67,0.0,50058.0,0.0
2014-04-09 11:35:00,40.828,0,0.257929,1,1578.19,0.0,50058.0,0.0
2014-04-09 11:40:00,17.234,0,0.253284,1,1844.54,0.0,50058.0,0.0
2014-04-09 11:45:00,32.098,0,0.254418,1,2056.12,0.0,50058.0,0.0
2014-04-09 11:50:00,0.102,0,0.241754,1,2269.5,0.0,50058.0,0.0
2014-04-09 11:55:00,0.066,0,0.234467,1,2477.27,0.0,50058.0,0.0
2014-04-09 12:00:00,0.1,0,0.23162600000000005,1,2672.15,0.0,50058.0,0.0
2014-04-09 12:05:00,0.1,0,0.233387,1,2876.56,0.0,50058.0,0.0
2014-04-09 12:10:00,0.102,0,0.229717,1,2411.52,0.0,50058.0,0.0
2014-04-09 12:15:00,0.068,0,0.23171,1,1706.45,0.0,50058.0,0.0
2014-04-09 12:20:00,0.102,0,0.233346,1,1567.34,0.0,50058.0,0.0
2014-04-09 12:25:00,0.102,0,0.235538,1,1712.52,0.0,50058.0,0.0
2014-04-09 12:30:00,0.068,0,0.236388,1,1857.52,0.0,50058.0,0.0
2014-04-09 12:35:00,0.102,0,0.236085,1,2002.86,0.0,50058.0,0.0
2014-04-09 12:40:00,0.068,0,0.234993,1,2149.24,0.0,50058.0,0.0
2014-04-09 12:45:00,0.098,0,0.235078,1,2295.15,0.0,50058.0,0.0
2014-04-09 12:50:00,0.1,0,0.23393000000000005,1,2441.15,0.0,50058.0,0.0
2014-04-09 12:55:00,0.1,0,0.235088,1,2589.79,0.0,50058.0,0.0
2014-04-09 13:00:00,0.102,0,0.231648,1,2722.39,0.0,50058.0,0.0
2014-04-09 13:05:00,0.1,0,0.233224,1,2825.74,0.0,50058.0,0.0
2014-04-09 13:10:00,0.1,0,0.233433,1,2969.58,0.0,50058.0,0.0
2014-04-09 13:15:00,0.098,0,0.235144,1,2789.73,0.0,50058.0,0.0
2014-04-09 13:20:00,0.102,0,0.234208,1,2354.33,0.0,50058.0,0.0
2014-04-09 13:25:00,0.068,0,0.236343,1,2461.14,0.0,50058.0,0.0
2014-04-09 13:30:00,0.1,0,0.231535,1,2098.44,0.0,50058.0,0.0
2014-04-09 13:35:00,0.102,0,0.22889,1,1176.32,0.0,50058.0,0.0
2014-04-09 13:40:00,0.102,0,0.229664,1,803.9860000000001,0.0,50058.0,0.0
2014-04-09 13:45:00,0.102,0,0.225291,1,43.0904,0.0,50058.0,0.0
2014-04-09 13:50:00,0.068,0,0.230426,1,42.8148,0.0,50058.0,0.0
2014-04-09 13:55:00,0.1,0,0.227908,1,41.9339,0.0,50058.0,0.0
2014-04-09 14:00:00,0.102,0,0.226688,1,42.0353,0.0,50058.0,0.0
2014-04-09 14:05:00,0.1,0,0.227782,1,42.2,0.0,50058.0,0.0
2014-04-09 14:10:00,0.1,0,0.225789,1,42.3667,0.0,50058.0,0.0
2014-04-09 14:15:00,0.068,0,0.226089,1,41.8016,0.0,50058.0,0.0
2014-04-09 14:20:00,0.098,0,0.227669,1,42.0031,0.0,50058.0,0.0
2014-04-09 14:25:00,0.102,0,0.225586,1,42.1596,0.0,50058.0,0.0
2014-04-09 14:30:00,0.1,0,0.22607800000000006,1,41.4056,0.0,50058.0,0.0
2014-04-09 14:35:00,0.1,0,0.22765,1,41.4388,0.0,50058.0,0.0
2014-04-09 14:40:00,0.068,0,0.220958,1,40.6549,0.0,50058.0,0.0
2014-04-09 14:45:00,0.1,0,0.225995,1,40.6012,0.0,50058.0,0.0
2014-04-09 14:50:00,0.102,0,0.222311,1,40.5823,0.0,50058.0,0.0
2014-04-09 14:55:00,0.098,0,0.219756,1,40.5814,0.0,50058.0,0.0
2014-04-09 15:00:00,0.102,0,0.21702800000000005,1,40.5853,0.0,50058.0,0.0
2014-04-09 15:05:00,0.1,0,0.281165,1,40.6092,0.0,50058.0,0.0
2014-04-09 15:10:00,0.066,0,0.278846,1,40.6773,0.0,50058.0,0.0
2014-04-09 15:15:00,0.102,0,0.280297,1,40.7337,0.0,50058.0,0.0
2014-04-09 15:20:00,0.1,0,0.28115300000000004,1,40.8922,0.0,50058.0,0.0
2014-04-09 15:25:00,0.102,0,0.281679,1,40.2701,0.0,50058.0,0.0
2014-04-09 15:30:00,0.098,0,0.280114,1,40.4121,0.0,50058.0,0.0
2014-04-09 15:35:00,0.1,0,0.281368,1,40.768,0.0,50058.0,0.0
2014-04-09 15:40:00,0.102,0,0.281122,1,41.24,0.0,50058.0,0.0
2014-04-09 15:45:00,0.068,0,0.279011,1,41.7788,0.0,50058.0,0.0
2014-04-09 15:50:00,0.102,0,0.28023000000000003,1,41.6263,0.0,50058.0,0.0
2014-04-09 15:55:00,0.1,0,0.28079,1,42.1683,0.0,50058.0,0.0
2014-04-09 16:00:00,0.102,0,0.281293,1,42.8717,0.0,50058.0,0.0
2014-04-09 16:05:00,0.102,0,0.28123400000000004,1,43.6089,0.0,50058.0,0.0
2014-04-09 16:10:00,0.1,0,0.281059,1,44.3733,0.0,50058.0,0.0
2014-04-09 16:15:00,0.068,0,0.279177,1,44.4729,0.0,50058.0,0.0
2014-04-09 16:20:00,0.1,0,0.279971,1,45.3363,0.0,50058.0,0.0
2014-04-09 16:25:00,0.102,0,0.281247,1,46.3102,0.0,50058.0,0.0
2014-04-09 16:30:00,16.566,0,0.255427,1,63.4451,0.0,50058.0,0.0
2014-04-09 16:35:00,97.226,0,0.257762,1,177.41299999999995,0.0,50058.0,0.0
2014-04-09 16:40:00,84.336,0,0.26008000000000003,1,374.49300000000005,0.0,50058.0,0.0
2014-04-09 16:45:00,82.86399999999998,0,0.254996,1,654.985,0.0,50058.0,0.0
2014-04-09 16:50:00,99.704,0,0.254539,1,1034.73,0.0,50058.0,0.0
2014-04-09 16:55:00,87.318,0,0.25477,1,1501.41,0.0,50058.0,0.0
2014-04-09 17:00:00,66.31,0,0.249721,1,2034.18,0.0,50058.0,0.0
2014-04-09 17:05:00,3.184,0,0.234923,1,2569.78,0.0,50058.0,0.0
2014-04-09 17:10:00,0.102,0,0.22691,1,3102.95,0.0,50058.0,0.0
2014-04-09 17:15:00,0.102,0,0.225942,1,3636.98,0.0,50058.0,0.0
2014-04-09 17:20:00,0.098,0,0.226698,1,4170.88,0.0,50058.0,0.0
2014-04-09 17:25:00,0.1,0,0.226691,1,4704.76,0.0,50058.0,0.0
2014-04-09 17:30:00,0.068,0,0.22766,1,5238.5,0.0,50058.0,0.0
2014-04-09 17:35:00,0.1,0,0.229286,1,5772.28,0.0,50058.0,0.0
2014-04-09 17:40:00,0.102,0,0.231259,1,6840.34,0.0,50058.0,0.0
2014-04-09 17:45:00,0.1,0,0.233139,1,6838.87,0.0,50058.0,0.0
2014-04-09 17:50:00,0.098,0,0.23208,1,7372.54,0.0,50058.0,0.0
2014-04-09 17:55:00,0.098,0,0.231598,1,7906.09,0.0,50058.0,0.0
2014-04-09 18:00:00,0.1,0,0.230262,1,8439.63,0.0,50058.0,0.0
2014-04-09 18:05:00,0.102,0,0.229764,1,8973.1,0.0,50058.0,0.0
2014-04-09 18:10:00,0.102,0,0.23040700000000006,1,10040.4,0.0,50058.0,0.0
2014-04-09 18:15:00,0.1,0,0.229717,1,10039.0,0.0,50058.0,0.0
2014-04-09 18:20:00,0.102,0,0.230504,1,10572.3,0.0,50058.0,0.0
2014-04-09 18:25:00,0.066,0,0.230332,1,11105.6,0.0,50058.0,0.0
2014-04-09 18:30:00,0.102,0,0.230984,1,11236.2,0.0,50058.0,0.0
2014-04-09 18:35:00,0.102,0,0.22910500000000006,1,9333.47,0.0,50058.0,0.0
2014-04-09 18:40:00,0.102,0,0.230219,1,7656.22,0.0,50058.0,0.0
2014-04-09 18:45:00,0.102,0,0.228989,1,5931.87,0.0,50058.0,0.0
2014-04-09 18:50:00,0.1,0,0.228951,1,3703.93,0.0,50058.0,0.0
2014-04-09 18:55:00,0.068,0,0.230341,1,1686.34,0.0,50058.0,0.0
2014-04-09 19:00:00,0.1,0,0.229437,1,107.015,0.0,50058.0,0.0
2014-04-09 19:05:00,0.1,0,0.23037,1,39.7911,0.0,50058.0,0.0
2014-04-09 19:10:00,0.1,0,0.22928,1,39.7976,0.0,50058.0,0.0
2014-04-09 19:15:00,0.1,0,0.229004,1,40.0008,0.0,50058.0,0.0
2014-04-09 19:20:00,0.068,0,0.22830100000000006,1,40.1643,0.0,50058.0,0.0
2014-04-09 19:25:00,0.102,0,0.227847,1,40.3572,0.0,50058.0,0.0
2014-04-09 19:30:00,0.102,0,0.22709,1,39.7494,0.0,50058.0,0.0
2014-04-09 19:35:00,0.102,0,0.22852600000000006,1,39.8839,0.0,50058.0,0.0
2014-04-09 19:40:00,0.102,0,0.228178,1,40.0265,0.0,50058.0,0.0
2014-04-09 19:45:00,0.1,0,0.228685,1,40.0707,0.0,50058.0,0.0
2014-04-09 19:50:00,0.102,0,0.229989,1,40.0134,0.0,50058.0,0.0
2014-04-09 19:55:00,0.1,0,0.227543,1,39.9773,0.0,50058.0,0.0
2014-04-09 20:00:00,0.068,0,0.226317,1,40.0288,0.0,50058.0,0.0
2014-04-09 20:05:00,0.102,0,0.222937,1,40.1564,0.0,50058.0,0.0
2014-04-09 20:10:00,0.1,0,0.220585,1,40.2911,0.0,50058.0,0.0
2014-04-09 20:15:00,0.102,0,0.216844,1,40.3506,0.0,50058.0,0.0
2014-04-09 20:20:00,0.1,0,0.230131,1,40.4637,0.0,50058.0,0.0
2014-04-09 20:25:00,0.1,0,0.28162800000000004,1,39.6596,0.0,50058.0,0.0
2014-04-09 20:30:00,0.102,0,0.280513,1,39.7749,0.0,50058.0,0.0
2014-04-09 20:35:00,0.068,0,0.279465,1,39.9581,0.0,50058.0,0.0
2014-04-09 20:40:00,0.1,0,0.279997,1,40.2388,0.0,50058.0,0.0
2014-04-09 20:45:00,89.964,0,0.253324,1,130.048,0.0,50058.0,0.0
2014-04-09 20:50:00,92.3,0,0.260336,1,311.757,0.0,50058.0,0.0
2014-04-09 20:55:00,76.96600000000002,0,0.2546,1,569.244,0.0,50058.0,0.0
2014-04-09 21:00:00,99.466,0,0.253366,1,926.546,0.0,50058.0,0.0
2014-04-09 21:05:00,89.866,0,0.254516,1,1373.35,0.0,50058.0,0.0
2014-04-09 21:10:00,75.74600000000002,0,0.251268,1,1895.5,0.0,50058.0,0.0
2014-04-09 21:15:00,14.17,0,0.237913,1,2431.46,0.0,50058.0,0.0
2014-04-09 21:20:00,0.102,0,0.228072,1,2966.64,0.0,50058.0,0.0
2014-04-09 21:25:00,0.1,0,0.225706,1,3502.65,0.0,50058.0,0.0
2014-04-09 21:30:00,0.102,0,0.22639,1,4038.66,0.0,50058.0,0.0
2014-04-09 21:35:00,68.848,0,0.24101,1,4643.2,0.0,50058.0,0.0
2014-04-09 21:40:00,98.5,0,0.253284,1,5345.83,0.0,50058.0,0.0
2014-04-09 21:45:00,74.732,0,0.254422,1,6122.77,0.0,50058.0,0.0
2014-04-09 21:50:00,93.6,0,0.256632,1,6992.97,0.0,50058.0,0.0
2014-04-09 21:55:00,99.8,0,0.261307,1,8498.2,0.0,50058.0,0.0
2014-04-09 22:00:00,80.378,0,0.259748,1,9011.28,0.0,50058.0,0.0
2014-04-09 22:05:00,67.002,0,0.256581,1,10127.5,0.0,50058.0,0.0
2014-04-09 22:10:00,72.244,0,0.255768,1,11315.7,0.0,50058.0,0.0
2014-04-09 22:15:00,8.702,0,0.247119,1,12512.2,0.0,50058.0,0.0
2014-04-09 22:20:00,0.102,0,0.242469,1,13708.9,0.0,50058.0,0.0
2014-04-09 22:25:00,0.066,0,0.241385,1,14905.2,0.0,50058.0,0.0
2014-04-09 22:30:00,10.98,0,0.244722,1,16646.2,0.0,50058.0,0.0
2014-04-09 22:35:00,97.104,0,0.257099,1,17412.6,0.0,50058.0,0.0
2014-04-09 22:40:00,86.834,0,0.263244,1,18801.4,0.0,50058.0,0.0
2014-04-09 22:45:00,84.586,0,0.263183,1,18036.7,0.0,50058.0,0.0
2014-04-09 22:50:00,94.404,0,0.265387,1,17217.4,0.0,50058.0,0.0
2014-04-09 22:55:00,77.168,0,0.265374,1,16766.5,0.0,50058.0,0.0
2014-04-09 23:00:00,89.228,0,0.26576500000000003,1,15765.2,0.0,50058.0,0.0
2014-04-09 23:05:00,83.39,0,0.266494,1,14987.8,0.0,50058.0,0.0
2014-04-09 23:10:00,42.986,0,0.26195100000000004,1,14516.5,0.0,50058.0,0.0
2014-04-09 23:15:00,0.102,0,0.255279,1,15509.2,0.0,50058.0,0.0
2014-04-09 23:20:00,0.068,0,0.252817,1,16832.7,0.0,50058.0,0.0
2014-04-09 23:25:00,0.1,0,0.252579,1,18156.5,0.0,50058.0,0.0
2014-04-09 23:30:00,0.102,0,0.25317399999999995,1,19480.4,0.0,50058.0,0.0
2014-04-09 23:35:00,0.068,0,0.252201,1,19091.9,0.0,50058.0,0.0
2014-04-09 23:40:00,0.1,0,0.252709,1,17894.0,0.0,50058.0,0.0
2014-04-09 23:45:00,0.1,0,0.255056,1,17192.5,0.0,50058.0,0.0
2014-04-09 23:50:00,0.066,0,0.254369,1,15945.0,0.0,50058.0,0.0
2014-04-09 23:55:00,0.098,0,0.254985,1,14449.5,0.0,50058.0,0.0
2014-04-10 00:00:00,0.1,0,0.25563800000000003,1,13340.1,0.0,50058.0,0.0
2014-04-10 00:05:00,0.068,0,0.253782,1,12485.3,0.0,50058.0,0.0
2014-04-10 00:10:00,0.102,0,0.253473,1,11432.7,0.0,50058.0,0.0
2014-04-10 00:15:00,0.102,0,0.252661,1,11896.7,0.0,50058.0,0.0
2014-04-10 00:20:00,0.066,0,0.249984,1,12560.1,0.0,50058.0,0.0
2014-04-10 00:25:00,0.102,0,0.248173,1,13222.7,0.0,50058.0,0.0
2014-04-10 00:30:00,0.102,0,0.245769,1,13621.2,0.0,50058.0,0.0
2014-04-10 00:35:00,0.066,0,0.244063,1,11856.1,0.0,50058.0,0.0
2014-04-10 00:40:00,0.102,0,0.246312,1,10251.4,0.0,50058.0,0.0
2014-04-10 00:45:00,0.102,0,0.245374,1,8616.54,0.0,50058.0,0.0
2014-04-10 00:50:00,0.102,0,0.245924,1,6652.09,0.0,50058.0,0.0
2014-04-10 00:55:00,0.068,0,0.245698,1,5024.64,0.0,50058.0,0.0
2014-04-10 01:00:00,0.102,0,0.243383,1,3018.92,0.0,50058.0,0.0
2014-04-10 01:05:00,0.1,0,0.242222,1,1070.35,0.0,50058.0,0.0
2014-04-10 01:10:00,0.068,0,0.242187,1,48.9406,0.0,50058.0,0.0
2014-04-10 01:15:00,0.1,0,0.239527,1,48.9456,0.0,50058.0,0.0
2014-04-10 01:20:00,0.102,0,0.237107,1,48.2449,0.0,50058.0,0.0
2014-04-10 01:25:00,0.068,0,0.235391,1,48.3877,0.0,50058.0,0.0
2014-04-10 01:30:00,0.102,0,0.230847,1,48.567,0.0,50058.0,0.0
2014-04-10 01:35:00,0.102,0,0.231541,1,47.8596,0.0,50058.0,0.0
2014-04-10 01:40:00,0.066,0,0.231537,1,47.957,0.0,50058.0,0.0
2014-04-10 01:45:00,0.102,0,0.23183,1,48.0189,0.0,50058.0,0.0
2014-04-10 01:50:00,0.1,0,0.233147,1,47.1514,0.0,50058.0,0.0
2014-04-10 01:55:00,0.068,0,0.230818,1,47.0771,0.0,50058.0,0.0
2014-04-10 02:00:00,0.1,0,0.229274,1,47.0118,0.0,50058.0,0.0
2014-04-10 02:05:00,0.102,0,0.22768,1,46.1025,0.0,50058.0,0.0
2014-04-10 02:10:00,0.1,0,0.225485,1,46.0297,0.0,50058.0,0.0
2014-04-10 02:15:00,0.098,0,0.222427,1,45.9403,0.0,50058.0,0.0
2014-04-10 02:20:00,0.1,0,0.219947,1,44.9421,0.0,50058.0,0.0
2014-04-10 02:25:00,0.098,0,0.216635,1,44.8462,0.0,50058.0,0.0
2014-04-10 02:30:00,0.098,0,0.281231,1,44.7661,0.0,50058.0,0.0
2014-04-10 02:35:00,0.1,0,0.280887,1,43.8813,0.0,50058.0,0.0
2014-04-10 02:40:00,0.1,0,0.280773,1,43.9402,0.0,50058.0,0.0
2014-04-10 02:45:00,0.1,0,0.28120300000000004,1,43.9816,0.0,50058.0,0.0
2014-04-10 02:50:00,0.1,0,0.280577,1,44.0833,0.0,50058.0,0.0
2014-04-10 02:55:00,0.066,0,0.278961,1,43.3925,0.0,50058.0,0.0
2014-04-10 03:00:00,0.102,0,0.27997,1,43.5563,0.0,50058.0,0.0
2014-04-10 03:05:00,0.102,0,0.280871,0,43.7623,0.0,50058.0,0.0
2014-04-10 03:10:00,0.096,0,0.281438,0,43.2389,0.0,50058.0,0.0
2014-04-10 03:15:00,0.102,0,0.280585,0,43.5215,0.0,50058.0,0.0
2014-04-10 03:20:00,0.068,0,0.278933,0,43.99100000000001,0.0,50058.0,0.0
2014-04-10 03:25:00,0.102,0,0.280441,0,43.7104,0.0,50058.0,0.0
2014-04-10 03:30:00,0.102,0,0.281177,0,44.3321,0.0,50058.0,0.0
2014-04-10 03:35:00,0.068,0,0.278911,0,45.1471,0.0,50058.0,0.0
2014-04-10 03:40:00,0.102,0,0.280436,0,45.0929,0.0,50058.0,0.0
2014-04-10 03:45:00,0.102,0,0.28073200000000004,0,45.9516,0.0,50058.0,0.0
2014-04-10 03:50:00,0.068,0,0.279425,0,46.8362,0.0,50058.0,0.0
2014-04-10 03:55:00,0.102,0,0.280206,0,46.9335,0.0,50058.0,0.0
2014-04-10 04:00:00,0.102,0,0.281033,0,47.9021,0.0,50058.0,0.0
2014-04-10 04:05:00,0.1,0,0.281544,0,49.0095,0.0,50058.0,0.0
2014-04-10 04:10:00,0.102,0,0.281029,0,50.159,0.0,50058.0,0.0
2014-04-10 04:15:00,0.102,0,0.28122800000000003,0,51.3647,0.0,50058.0,0.0
2014-04-10 04:20:00,0.068,0,0.27939899999999995,0,52.7827,0.0,50058.0,0.0
2014-04-10 04:25:00,0.102,0,0.279974,0,54.2676,0.0,50058.0,0.0
2014-04-10 04:30:00,0.102,0,0.280898,0,55.8913,0.0,50058.0,0.0
2014-04-10 04:35:00,0.068,0,0.279415,0,56.0444,0.0,50058.0,0.0
2014-04-10 04:40:00,0.1,0,0.279321,0,56.2043,0.0,50058.0,0.0
2014-04-10 04:45:00,0.1,0,0.281036,0,56.3654,0.0,50058.0,0.0
2014-04-10 04:50:00,0.068,0,0.279319,0,56.5481,0.0,50058.0,0.0
2014-04-10 04:55:00,0.102,0,0.27994600000000003,0,55.8925,0.0,50058.0,0.0
2014-04-10 05:00:00,0.068,0,0.278735,0,56.1747,0.0,50058.0,0.0
2014-04-10 05:05:00,0.102,0,0.280612,0,56.4315,0.0,50058.0,0.0
2014-04-10 05:10:00,0.066,0,0.278445,0,56.5523,0.0,50058.0,0.0
2014-04-10 05:15:00,0.102,0,0.28028800000000004,0,56.8006,0.0,50058.0,0.0
2014-04-10 05:20:00,0.1,0,0.281239,0,56.221,0.0,50058.0,0.0
2014-04-10 05:25:00,0.068,0,0.279044,0,56.5334,0.0,50058.0,0.0
2014-04-10 05:30:00,0.068,0,0.277401,0,56.8422,0.0,50058.0,0.0
2014-04-10 05:35:00,73.5,0,0.253404,0,129.327,0.0,50058.0,0.0
2014-04-10 05:40:00,91.246,0,0.261365,0,293.497,0.0,50058.0,0.0
2014-04-10 05:45:00,80.80199999999998,0,0.257231,0,537.994,0.0,50058.0,0.0
2014-04-10 05:50:00,95.67,0,0.254734,0,876.867,0.0,50058.0,0.0
2014-04-10 05:55:00,93.638,0,0.255474,0,1309.79,0.0,50058.0,0.0
2014-04-10 06:00:00,84.766,0,0.253572,0,1827.03,0.0,50058.0,0.0
2014-04-10 06:05:00,25.136,0,0.241556,0,2368.91,0.0,50058.0,0.0
2014-04-10 06:10:00,0.068,0,0.22981,0,2910.81,0.0,50058.0,0.0
2014-04-10 06:15:00,0.1,0,0.226259,0,3995.22,0.0,50058.0,0.0
2014-04-10 06:20:00,0.102,0,0.22676,0,3993.63,0.0,50058.0,0.0
2014-04-10 06:25:00,0.068,0,0.226883,0,4535.43,0.0,50058.0,0.0
2014-04-10 06:30:00,0.102,0,0.22742,0,5619.55,0.0,50058.0,0.0
2014-04-10 06:35:00,0.068,0,0.228763,0,5618.0,0.0,50058.0,0.0
2014-04-10 06:40:00,0.102,0,0.230586,0,6159.59,0.0,50058.0,0.0
2014-04-10 06:45:00,0.102,0,0.23295900000000005,0,7243.37,0.0,50058.0,0.0
2014-04-10 06:50:00,0.068,0,0.232791,0,7241.82,0.0,50058.0,0.0
2014-04-10 06:55:00,0.102,0,0.232199,0,8325.45,0.0,50058.0,0.0
2014-04-10 07:00:00,0.1,0,0.231086,0,8323.9,0.0,50058.0,0.0
2014-04-10 07:05:00,0.102,0,0.230092,0,9407.18,0.0,50058.0,0.0
2014-04-10 07:10:00,0.232,0,0.230672,0,12119.9,0.0,50058.0,0.0
2014-04-10 07:15:00,0.1,0,0.230127,0,12661.9,0.0,50058.0,0.0
2014-04-10 07:20:00,0.068,0,0.230561,0,13204.2,0.0,50058.0,0.0
2014-04-10 07:25:00,0.1,0,0.2305,0,13747.4,0.0,50058.0,0.0
2014-04-10 07:30:00,0.1,0,0.231341,0,14290.7,0.0,50058.0,0.0
2014-04-10 07:35:00,0.098,0,0.229854,0,12639.4,0.0,50058.0,0.0
2014-04-10 07:40:00,0.102,0,0.23030100000000006,0,10381.8,0.0,50058.0,0.0
2014-04-10 07:45:00,0.068,0,0.229745,0,8346.92,0.0,50058.0,0.0
2014-04-10 07:50:00,0.102,0,0.228998,0,5785.49,0.0,50058.0,0.0
2014-04-10 07:55:00,0.1,0,0.230317,0,3744.98,0.0,50058.0,0.0
2014-04-10 08:00:00,0.068,0,0.22983,0,1103.29,0.0,50058.0,0.0
2014-04-10 08:05:00,0.334,0,0.230563,0,48.4955,0.0,50058.0,0.0
2014-04-10 08:10:00,0.368,0,0.230056,0,47.0993,0.0,50058.0,0.0
2014-04-10 08:15:00,0.606,0,0.229625,0,45.0784,0.0,50058.0,0.0
2014-04-10 08:20:00,0.398,0,0.229048,0,43.1392,0.0,50058.0,0.0
2014-04-10 08:25:00,0.102,0,0.228493,0,42.7304,0.0,50058.0,0.0
2014-04-10 08:30:00,0.5660000000000001,0,0.227566,0,41.4675,0.0,50058.0,0.0
2014-04-10 08:35:00,0.334,0,0.228566,0,41.648,0.0,50058.0,0.0
2014-04-10 08:40:00,0.468,0,0.228793,0,40.9817,0.0,50058.0,0.0
2014-04-10 08:45:00,8.632,0,0.230669,0,48.872,0.0,50058.0,0.0
2014-04-10 08:50:00,29.808000000000003,0,0.238587,0,90.2697,0.0,50058.0,0.0
2014-04-10 08:55:00,35.532,0,0.241835,0,162.059,0.0,50058.0,0.0
2014-04-10 09:00:00,40.48,0,0.245064,0,274.432,0.0,50058.0,0.0
2014-04-10 09:05:00,0.1,0,0.235029,0,386.929,0.0,50058.0,0.0
2014-04-10 09:10:00,0.266,0,0.228959,0,1658.6,0.0,50058.0,0.0
2014-04-10 09:15:00,0.302,0,0.22710300000000005,0,1655.15,0.0,50058.0,0.0
2014-04-10 09:20:00,38.002,0,0.249066,0,1690.65,0.0,50058.0,0.0
2014-04-10 09:25:00,0.098,0,0.232672,0,1725.28,0.0,50058.0,0.0
2014-04-10 09:30:00,0.068,0,0.222665,0,1760.13,0.0,50058.0,0.0
2014-04-10 09:35:00,0.102,0,0.220157,0,1911.32,0.0,50058.0,0.0
2014-04-10 09:40:00,0.102,0,0.227139,0,1946.34,0.0,50058.0,0.0
2014-04-10 09:45:00,0.068,0,0.22605,0,1982.69,0.0,50058.0,0.0
2014-04-10 09:50:00,0.1,0,0.227783,0,2018.33,0.0,50058.0,0.0
2014-04-10 09:55:00,0.102,0,0.225141,0,2054.08,0.0,50058.0,0.0
2014-04-10 10:00:00,0.1,0,0.227477,0,2090.87,0.0,50058.0,0.0
2014-04-10 10:05:00,0.068,0,0.226066,0,2242.53,0.0,50058.0,0.0
2014-04-10 10:10:00,0.1,0,0.228071,0,2393.35,0.0,50058.0,0.0
2014-04-10 10:15:00,0.1,0,0.223886,0,2537.96,0.0,50058.0,0.0
2014-04-10 10:20:00,0.068,0,0.2267,0,2687.75,0.0,50058.0,0.0
2014-04-10 10:25:00,0.1,0,0.225249,0,2838.57,0.0,50058.0,0.0
2014-04-10 10:30:00,0.066,0,0.229882,0,2983.94,0.0,50058.0,0.0
2014-04-10 10:35:00,0.232,0,0.22605100000000006,0,4556.96,0.0,50058.0,0.0
2014-04-10 10:40:00,27.686,0,0.243861,0,4729.74,0.0,50058.0,0.0
2014-04-10 10:45:00,37.3,0,0.252145,0,4798.63,0.0,50058.0,0.0
2014-04-10 10:50:00,16.914,0,0.247591,0,3960.05,0.0,50058.0,0.0
2014-04-10 10:55:00,70.166,0,0.260085,0,2956.04,0.0,50058.0,0.0
2014-04-10 11:00:00,91.304,0,0.267221,0,1868.22,0.0,50058.0,0.0
2014-04-10 11:05:00,48.076,0,0.26058400000000004,0,2194.81,0.0,50058.0,0.0
2014-04-10 11:10:00,28.448,0,0.247965,0,2788.78,0.0,50058.0,0.0
2014-04-10 11:15:00,20.548,0,0.244384,0,3114.51,0.0,50058.0,0.0
2014-04-10 11:20:00,38.018,0,0.24831,0,1932.56,0.0,50058.0,0.0
2014-04-10 11:25:00,0.266,0,0.241786,0,3436.46,0.0,50058.0,0.0
2014-04-10 11:30:00,0.298,0,0.235291,0,3809.9,0.0,50058.0,0.0
2014-04-10 11:35:00,37.834,0,0.245247,0,4219.35,0.0,50058.0,0.0
2014-04-10 11:40:00,38.666,0,0.253674,0,4667.24,0.0,50058.0,0.0
2014-04-10 11:45:00,35.904,0,0.25416300000000003,0,5152.4,0.0,50058.0,0.0
2014-04-10 11:50:00,2.0340000000000003,0,0.247956,0,5638.16,0.0,50058.0,0.0
2014-04-10 11:55:00,0.068,0,0.243907,0,6124.17,0.0,50058.0,0.0
2014-04-10 12:00:00,0.102,0,0.244667,0,6610.41,0.0,50058.0,0.0
2014-04-10 12:05:00,0.1,0,0.244678,0,7098.09,0.0,50058.0,0.0
2014-04-10 12:10:00,0.068,0,0.24225,0,7584.87,0.0,50058.0,0.0
2014-04-10 12:15:00,0.102,0,0.238704,0,8071.94,0.0,50058.0,0.0
2014-04-10 12:20:00,16.634,0,0.242923,0,8576.41,0.0,50058.0,0.0
2014-04-10 12:25:00,22.5,0,0.247051,0,9102.28,0.0,50058.0,0.0
2014-04-10 12:30:00,38.162,0,0.255516,0,9667.14,0.0,50058.0,0.0
2014-04-10 12:35:00,23.044,0,0.255331,0,10633.3,0.0,50058.0,0.0
2014-04-10 12:40:00,15.468,0,0.250367,0,10443.2,0.0,50058.0,0.0
2014-04-10 12:45:00,74.414,0,0.262031,0,10020.3,0.0,50058.0,0.0
2014-04-10 12:50:00,98.8,0,0.270762,0,10250.4,0.0,50058.0,0.0
2014-04-10 12:55:00,83.538,0,0.267793,0,9227.98,0.0,50058.0,0.0
2014-04-10 13:00:00,61.812,0,0.261935,0,7268.13,0.0,50058.0,0.0
2014-04-10 13:05:00,38.432,0,0.258149,0,6293.92,0.0,50058.0,0.0
2014-04-10 13:10:00,16.887999999999998,0,0.252888,0,6220.28,0.0,50058.0,0.0
2014-04-10 13:15:00,57.0,0,0.260239,0,6388.15,0.0,50058.0,0.0
2014-04-10 13:20:00,99.504,0,0.26821300000000003,0,6163.19,0.0,50058.0,0.0
2014-04-10 13:25:00,96.466,0,0.270082,0,7016.06,0.0,50058.0,0.0
2014-04-10 13:30:00,60.3,0,0.264587,0,7927.84,0.0,50058.0,0.0
2014-04-10 13:35:00,33.702,0,0.259297,0,7934.64,0.0,50058.0,0.0
2014-04-10 13:40:00,1.418,0,0.25499,0,7884.46,0.0,50058.0,0.0
2014-04-10 13:45:00,0.334,0,0.25283,0,7865.19,0.0,50058.0,0.0
2014-04-10 13:50:00,8.298,0,0.253533,0,9497.43,0.0,50058.0,0.0
2014-04-10 13:55:00,74.884,0,0.264673,0,9577.81,0.0,50058.0,0.0
2014-04-10 14:00:00,1.298,0,0.25832,0,10492.3,0.0,50058.0,0.0
2014-04-10 14:05:00,0.102,0,0.25259000000000004,0,12239.0,0.0,50058.0,0.0
2014-04-10 14:10:00,0.136,0,0.251942,0,12320.5,0.0,50058.0,0.0
2014-04-10 14:15:00,0.066,0,0.253151,0,13235.1,0.0,50058.0,0.0
2014-04-10 14:20:00,1.49,0,0.251751,0,13744.4,0.0,50058.0,0.0
2014-04-10 14:25:00,97.45,0,0.265896,0,14187.9,0.0,50058.0,0.0
2014-04-10 14:30:00,92.036,0,0.269468,0,14309.5,0.0,50058.0,0.0
2014-04-10 14:35:00,76.616,0,0.26858200000000004,0,14847.8,0.0,50058.0,0.0
2014-04-10 14:40:00,89.958,0,0.266162,0,15642.3,0.0,50058.0,0.0
2014-04-10 14:45:00,99.638,0,0.26923400000000003,0,15047.2,0.0,50058.0,0.0
2014-04-10 14:50:00,86.87,0,0.268828,0,13855.1,0.0,50058.0,0.0
2014-04-10 14:55:00,72.02,0,0.267276,0,13018.1,0.0,50058.0,0.0
2014-04-10 15:00:00,14.632,0,0.257886,0,12655.2,0.0,50058.0,0.0
2014-04-10 15:05:00,0.1,0,0.252599,0,12815.3,0.0,50058.0,0.0
2014-04-10 15:10:00,0.102,0,0.249389,0,13475.9,0.0,50058.0,0.0
2014-04-10 15:15:00,0.1,0,0.249712,0,13117.1,0.0,50058.0,0.0
2014-04-10 15:20:00,0.066,0,0.248571,0,11639.3,0.0,50058.0,0.0
2014-04-10 15:25:00,0.1,0,0.25040300000000004,0,10138.5,0.0,50058.0,0.0
2014-04-10 15:30:00,0.102,0,0.251522,0,9445.91,0.0,50058.0,0.0
2014-04-10 15:35:00,0.102,0,0.253959,0,9358.24,0.0,50058.0,0.0
2014-04-10 15:40:00,0.1,0,0.252485,0,10044.2,0.0,50058.0,0.0
2014-04-10 15:45:00,0.1,0,0.25203200000000003,0,10756.2,0.0,50058.0,0.0
2014-04-10 15:50:00,0.1,0,0.249986,0,11269.2,0.0,50058.0,0.0
2014-04-10 15:55:00,0.268,0,0.24854,0,10109.4,0.0,50058.0,0.0
2014-04-10 16:00:00,0.068,0,0.250416,0,12603.9,0.0,50058.0,0.0
2014-04-10 16:05:00,0.1,0,0.248544,0,12601.1,0.0,50058.0,0.0
2014-04-10 16:10:00,0.1,0,0.246187,0,12597.4,0.0,50058.0,0.0
2014-04-10 16:15:00,0.098,0,0.24527,0,12595.7,0.0,50058.0,0.0
2014-04-10 16:20:00,0.102,0,0.243251,0,13195.5,0.0,50058.0,0.0
2014-04-10 16:25:00,0.1,0,0.241862,0,11395.1,0.0,50058.0,0.0
2014-04-10 16:30:00,34.174,0,0.248764,0,9667.16,0.0,50058.0,0.0
2014-04-10 16:35:00,97.328,0,0.2591,0,8330.11,0.0,50058.0,0.0
2014-04-10 16:40:00,74.5,0,0.259514,0,6931.15,0.0,50058.0,0.0
2014-04-10 16:45:00,0.102,0,0.247489,0,4827.46,0.0,50058.0,0.0
2014-04-10 16:50:00,0.1,0,0.23845300000000005,0,2956.56,0.0,50058.0,0.0
2014-04-10 16:55:00,12.04,0,0.241321,0,1567.12,0.0,50058.0,0.0
2014-04-10 17:00:00,99.004,0,0.255471,0,1357.53,0.0,50058.0,0.0
2014-04-10 17:05:00,93.654,0,0.259734,0,1765.52,0.0,50058.0,0.0
2014-04-10 17:10:00,73.148,0,0.25695300000000004,0,2244.95,0.0,50058.0,0.0
2014-04-10 17:15:00,92.262,0,0.25653200000000004,0,2816.48,0.0,50058.0,0.0
2014-04-10 17:20:00,99.704,0,0.259881,0,3488.66,0.0,50058.0,0.0
2014-04-10 17:25:00,88.8,0,0.261792,0,4248.33,0.0,50058.0,0.0
2014-04-10 17:30:00,66.24,0,0.25924400000000003,0,5074.02,0.0,50058.0,0.0
2014-04-10 17:35:00,10.238,0,0.250788,0,5909.81,0.0,50058.0,0.0
2014-04-10 17:40:00,0.136,0,0.247297,0,6745.92,0.0,50058.0,0.0
2014-04-10 17:45:00,0.102,0,0.245693,0,7582.22,0.0,50058.0,0.0
2014-04-10 17:50:00,0.1,0,0.244382,0,8418.74,0.0,50058.0,0.0
2014-04-10 17:55:00,0.098,0,0.242693,0,9258.04,0.0,50058.0,0.0
2014-04-10 18:00:00,0.1,0,0.24175700000000006,0,10094.0,0.0,50058.0,0.0
2014-04-10 18:05:00,0.066,0,0.241297,0,10930.2,0.0,50058.0,0.0
2014-04-10 18:10:00,0.102,0,0.24315100000000006,0,11766.4,0.0,50058.0,0.0
2014-04-10 18:15:00,0.1,0,0.240627,0,12602.6,0.0,50058.0,0.0
2014-04-10 18:20:00,37.136,0,0.246082,0,13475.8,0.0,50058.0,0.0
2014-04-10 18:25:00,97.562,0,0.25672399999999995,0,14446.0,0.0,50058.0,0.0
2014-04-10 18:30:00,84.334,0,0.259411,0,14655.5,0.0,50058.0,0.0
2014-04-10 18:35:00,74.206,0,0.25782,0,13326.4,0.0,50058.0,0.0
2014-04-10 18:40:00,99.31,0,0.261652,0,12570.1,0.0,50058.0,0.0
2014-04-10 18:45:00,99.77,0,0.264075,0,13691.2,0.0,50058.0,0.0
2014-04-10 18:50:00,84.412,0,0.262457,0,14896.6,0.0,50058.0,0.0
2014-04-10 18:55:00,55.492,0,0.258848,0,15865.7,0.0,50058.0,0.0
2014-04-10 19:00:00,8.736,0,0.250303,0,14657.4,0.0,50058.0,0.0
2014-04-10 19:05:00,0.132,0,0.246919,0,13484.6,0.0,50058.0,0.0
2014-04-10 19:10:00,0.1,0,0.246474,0,12731.3,0.0,50058.0,0.0
2014-04-10 19:15:00,0.102,0,0.24620300000000006,0,11427.4,0.0,50058.0,0.0
2014-04-10 19:20:00,0.1,0,0.246737,0,9845.48,0.0,50058.0,0.0
2014-04-10 19:25:00,0.1,0,0.246946,0,8436.98,0.0,50058.0,0.0
2014-04-10 19:30:00,0.068,0,0.247829,0,7504.16,0.0,50058.0,0.0
2014-04-10 19:35:00,0.338,0,0.250329,0,7905.45,0.0,50058.0,0.0
2014-04-10 19:40:00,9.968,0,0.25150100000000003,0,8553.07,0.0,50058.0,0.0
2014-04-10 19:45:00,0.102,0,0.250203,0,9199.97,0.0,50058.0,0.0
2014-04-10 19:50:00,0.1,0,0.248971,0,9846.86,0.0,50058.0,0.0
2014-04-10 19:55:00,24.24,0,0.249455,0,10517.6,0.0,50058.0,0.0
2014-04-10 20:00:00,97.478,0,0.259996,0,11285.5,0.0,50058.0,0.0
2014-04-10 20:05:00,90.296,0,0.263937,0,12142.4,0.0,50058.0,0.0
2014-04-10 20:10:00,75.726,0,0.262414,0,13075.6,0.0,50058.0,0.0
2014-04-10 20:15:00,96.62,0,0.26505,0,14104.9,0.0,50058.0,0.0
2014-04-10 20:20:00,99.408,0,0.26715900000000004,0,14314.3,0.0,50058.0,0.0
2014-04-10 20:25:00,85.116,0,0.265562,0,13061.2,0.0,50058.0,0.0
2014-04-10 20:30:00,64.152,0,0.262967,0,12105.7,0.0,50058.0,0.0
2014-04-10 20:35:00,0.1,0,0.252053,0,11319.5,0.0,50058.0,0.0
2014-04-10 20:40:00,0.1,0,0.246551,0,9831.87,0.0,50058.0,0.0
2014-04-10 20:45:00,42.2,0,0.251344,0,8275.73,0.0,50058.0,0.0
2014-04-10 20:50:00,97.412,0,0.26035,0,7101.26,0.0,50058.0,0.0
2014-04-10 20:55:00,82.53,0,0.262135,0,6647.87,0.0,50058.0,0.0
2014-04-10 21:00:00,76.998,0,0.26274200000000003,0,7384.8,0.0,50058.0,0.0
2014-04-10 21:05:00,99.208,0,0.265355,0,8421.16,0.0,50058.0,0.0
2014-04-10 21:10:00,99.738,0,0.26900100000000005,0,9556.17,0.0,50058.0,0.0
2014-04-10 21:15:00,89.65799999999999,0,0.267956,0,10780.5,0.0,50058.0,0.0
2014-04-10 21:20:00,63.756,0,0.264565,0,12068.1,0.0,50058.0,0.0
2014-04-10 21:25:00,11.836,0,0.257673,0,13366.7,0.0,50058.0,0.0
2014-04-10 21:30:00,0.098,0,0.253662,0,14665.3,0.0,50058.0,0.0
2014-04-10 21:35:00,0.1,0,0.253575,0,15965.7,0.0,50058.0,0.0
2014-04-10 21:40:00,0.1,0,0.254002,0,17025.5,0.0,50058.0,0.0
2014-04-10 21:45:00,0.102,0,0.252483,0,18315.0,0.0,50058.0,0.0
2014-04-10 21:50:00,0.134,0,0.252214,0,19604.4,0.0,50058.0,0.0
2014-04-10 21:55:00,0.1,0,0.252407,0,20297.7,0.0,50058.0,0.0
2014-04-10 22:00:00,0.068,0,0.252038,0,19136.4,0.0,50058.0,0.0
2014-04-10 22:05:00,0.1,0,0.251298,0,18057.7,0.0,50058.0,0.0
2014-04-10 22:10:00,0.102,0,0.249052,0,17253.5,0.0,50058.0,0.0
2014-04-10 22:15:00,0.136,0,0.246196,0,15851.6,0.0,50058.0,0.0
2014-04-10 22:20:00,0.1,0,0.246379,0,14283.9,0.0,50058.0,0.0
2014-04-10 22:25:00,0.102,0,0.246183,0,12974.5,0.0,50058.0,0.0
2014-04-10 22:30:00,0.1,0,0.245835,0,12104.4,0.0,50058.0,0.0
2014-04-10 22:35:00,5.568,0,0.246746,0,12768.9,0.0,50058.0,0.0
2014-04-10 22:40:00,97.326,0,0.258516,0,13530.6,0.0,50058.0,0.0
2014-04-10 22:45:00,91.864,0,0.263423,0,13338.6,0.0,50058.0,0.0
2014-04-10 22:50:00,75.73,0,0.262491,0,11800.0,0.0,50058.0,0.0
2014-04-10 22:55:00,91.062,0,0.262981,0,10627.4,0.0,50058.0,0.0
2014-04-10 23:00:00,99.738,0,0.266071,0,9610.26,0.0,50058.0,0.0
2014-04-10 23:05:00,89.03399999999998,0,0.265796,0,8049.93,0.0,50058.0,0.0
2014-04-10 23:10:00,71.182,0,0.264387,0,6448.4,0.0,50058.0,0.0
2014-04-10 23:15:00,14.482,1,0.257326,0,5013.69,0.0,50058.0,0.0
2014-04-10 23:20:00,8.946,1,0.253216,0,4145.82,0.0,50058.0,0.0
2014-04-10 23:25:00,0.202,1,0.251,0,4512.42,0.0,50058.0,0.0
2014-04-10 23:30:00,0.1,1,0.250231,0,5152.89,0.0,50058.0,0.0
2014-04-10 23:35:00,0.102,1,0.247925,0,5793.5,0.0,50058.0,0.0
2014-04-10 23:40:00,0.068,1,0.247075,0,6434.14,0.0,50058.0,0.0
2014-04-10 23:45:00,0.102,1,0.245337,0,7074.82,0.0,50058.0,0.0
2014-04-10 23:50:00,0.102,1,0.246155,0,9000.73,0.0,50058.0,0.0
2014-04-10 23:55:00,0.068,1,0.245767,0,8998.3,0.0,50058.0,0.0
2014-04-11 00:00:00,0.102,1,0.246563,0,8996.94,0.0,50058.0,0.0
2014-04-11 00:05:00,0.102,1,0.245397,0,9637.61,0.0,50058.0,0.0
2014-04-11 00:10:00,81.468,1,0.255577,0,10359.4,0.0,50058.0,0.0
2014-04-11 00:15:00,98.67,1,0.26262800000000003,0,11180.4,0.0,50058.0,0.0
2014-04-11 00:20:00,60.688,1,0.260167,0,12060.9,0.0,50058.0,0.0
2014-04-11 00:25:00,87.11200000000002,1,0.259303,0,13028.1,0.0,50058.0,0.0
2014-04-11 00:30:00,99.606,1,0.263228,0,14094.5,0.0,50058.0,0.0
2014-04-11 00:35:00,93.1,1,0.263066,0,15124.1,0.0,50058.0,0.0
2014-04-11 00:40:00,86.896,1,0.25957800000000003,0,13941.2,0.0,50058.0,0.0
2014-04-11 00:45:00,29.088,1,0.252523,0,12826.8,0.0,50058.0,0.0
2014-04-11 00:50:00,0.102,1,0.244508,0,12024.5,0.0,50058.0,0.0
2014-04-11 00:55:00,0.1,1,0.241985,0,10763.5,0.0,50058.0,0.0
2014-04-11 01:00:00,0.102,1,0.243472,0,9194.98,0.0,50058.0,0.0
2014-04-11 01:05:00,0.068,1,0.243045,0,7794.83,0.0,50058.0,0.0
2014-04-11 01:10:00,0.102,1,0.243194,0,6752.34,0.0,50058.0,0.0
2014-04-11 01:15:00,0.102,1,0.24453000000000005,0,7056.55,0.0,50058.0,0.0
2014-04-11 01:20:00,0.066,1,0.245609,0,7484.94,0.0,50058.0,0.0
2014-04-11 01:25:00,0.1,1,0.245687,0,8120.72,0.0,50058.0,0.0
2014-04-11 01:30:00,0.102,1,0.245643,0,8754.09,0.0,50058.0,0.0
2014-04-11 01:35:00,0.068,1,0.243919,0,9387.57,0.0,50058.0,0.0
2014-04-11 01:40:00,0.102,1,0.24450300000000005,0,10020.2,0.0,50058.0,0.0
2014-04-11 01:45:00,87.63799999999998,1,0.256381,0,10741.0,0.0,50058.0,0.0
2014-04-11 01:50:00,95.164,1,0.263259,0,11556.6,0.0,50058.0,0.0
2014-04-11 01:55:00,66.328,1,0.261827,0,12437.2,0.0,50058.0,0.0
2014-04-11 02:00:00,91.144,1,0.262494,0,13409.4,0.0,50058.0,0.0
2014-04-11 02:05:00,99.606,1,0.265498,0,14480.7,0.0,50058.0,0.0
2014-04-11 02:10:00,89.866,1,0.264982,0,13614.6,0.0,50058.0,0.0
2014-04-11 02:15:00,82.6,1,0.263412,0,12319.8,0.0,50058.0,0.0
2014-04-11 02:20:00,25.408,1,0.25558400000000003,0,11901.4,0.0,50058.0,0.0
2014-04-11 02:25:00,0.098,1,0.246073,0,10762.1,0.0,50058.0,0.0
2014-04-11 02:30:00,0.102,1,0.24311,0,9223.76,0.0,50058.0,0.0
2014-04-11 02:35:00,0.068,1,0.243352,0,7748.97,0.0,50058.0,0.0
2014-04-11 02:40:00,0.102,1,0.242413,0,6336.58,0.0,50058.0,0.0
2014-04-11 02:45:00,0.066,1,0.243933,0,6282.84,0.0,50058.0,0.0
2014-04-11 02:50:00,0.1,1,0.243994,0,6917.37,0.0,50058.0,0.0
2014-04-11 02:55:00,0.102,1,0.245285,0,7552.04,0.0,50058.0,0.0
2014-04-11 03:00:00,0.1,1,0.24550500000000006,0,8186.82,0.0,50058.0,0.0
2014-04-11 03:05:00,0.066,1,0.244486,0,8820.76,0.0,50058.0,0.0
2014-04-11 03:10:00,0.1,1,0.244363,0,9455.52,0.0,50058.0,0.0
2014-04-11 03:15:00,0.102,1,0.244499,0,10090.3,0.0,50058.0,0.0
2014-04-11 03:20:00,0.102,1,0.244254,0,10724.1,0.0,50058.0,0.0
2014-04-11 03:25:00,0.234,1,0.245544,0,12632.2,0.0,50058.0,0.0
2014-04-11 03:30:00,0.1,1,0.243758,0,12629.0,0.0,50058.0,0.0
2014-04-11 03:35:00,0.102,1,0.242079,0,12626.8,0.0,50058.0,0.0
2014-04-11 03:40:00,0.068,1,0.241957,0,13261.4,0.0,50058.0,0.0
2014-04-11 03:45:00,0.102,1,0.23948000000000005,0,11714.7,0.0,50058.0,0.0
2014-04-11 03:50:00,0.102,1,0.238981,0,9892.84,0.0,50058.0,0.0
2014-04-11 03:55:00,0.068,1,0.236906,0,8697.34,0.0,50058.0,0.0
2014-04-11 04:00:00,0.102,1,0.232668,0,6815.49,0.0,50058.0,0.0
2014-04-11 04:05:00,0.068,1,0.23218200000000006,0,6024.16,0.0,50058.0,0.0
2014-04-11 04:10:00,0.102,0,32.3703,0,4888.66,0.0,50058.0,0.0
2014-04-11 04:15:00,0.102,0,32.3812,0,1204.47,0.0,50058.0,0.0
2014-04-11 04:20:00,0.068,0,31.3228,0,151.658,0.0,50058.0,0.0
2014-04-11 04:25:00,0.098,0,30.9005,0,244.031,0.0,50058.0,0.0
2014-04-11 04:30:00,0.102,0,30.1472,0,367.416,0.0,50058.0,0.0
2014-04-11 04:35:00,0.068,0,29.2248,0,522.4580000000002,0.0,50058.0,0.0
2014-04-11 04:40:00,0.1,0,28.463,0,705.317,0.0,50058.0,0.0
2014-04-11 04:45:00,75.1,0,27.0625,0,936.339,0.0,50058.0,0.0
2014-04-11 04:50:00,98.618,0,27.2093,0,1237.63,0.0,50058.0,0.0
2014-04-11 04:55:00,71.738,0,28.3254,0,1583.47,0.0,50058.0,0.0
2014-04-11 05:00:00,89.51,0,28.3913,0,1990.62,0.0,50058.0,0.0
2014-04-11 05:05:00,99.898,0,28.734,0,2470.54,0.0,50058.0,0.0
2014-04-11 05:10:00,90.366,0,29.8804,0,3011.03,0.0,50058.0,0.0
2014-04-11 05:15:00,84.22399999999998,0,30.4205,0,3605.88,0.0,50058.0,0.0
2014-04-11 05:20:00,25.796,0,31.1592,0,4768.71,0.0,50058.0,0.0
2014-04-11 05:25:00,0.102,0,31.6469,0,5205.33,0.0,50058.0,0.0
2014-04-11 05:30:00,0.1,0,31.5556,0,5678.38,0.0,50058.0,0.0
2014-04-11 05:35:00,0.068,0,31.8227,0,6181.0,0.0,50058.0,0.0
2014-04-11 05:40:00,0.102,0,32.0205,0,6718.02,0.0,50058.0,0.0
2014-04-11 05:45:00,0.102,0,31.6207,0,7285.78,0.0,50058.0,0.0
2014-04-11 05:50:00,0.068,0,31.0376,0,7883.24,0.0,50058.0,0.0
2014-04-11 05:55:00,0.102,0,30.4996,0,8514.09,0.0,50058.0,0.0
2014-04-11 06:00:00,0.068,0,30.3921,0,9174.44,0.0,50058.0,0.0
2014-04-11 06:05:00,0.102,0,29.7847,0,9864.37,0.0,50058.0,0.0
2014-04-11 06:10:00,0.102,0,28.7849,0,10584.4,0.0,50058.0,0.0
2014-04-11 06:15:00,0.068,0,27.9576,0,11333.6,0.0,50058.0,0.0
2014-04-11 06:20:00,0.102,0,27.2175,0,12194.4,0.0,50058.0,0.0
2014-04-11 06:25:00,0.068,0,26.929,0,12648.5,0.0,50058.0,0.0
2014-04-11 06:30:00,1.038,0,27.4712,0,13563.2,0.0,50058.0,0.0
2014-04-11 06:35:00,0.098,0,27.736,0,12451.2,0.0,50058.0,0.0
2014-04-11 06:40:00,0.068,0,28.1131,0,12854.5,0.0,50058.0,0.0
2014-04-11 06:45:00,0.1,0,29.1404,0,12607.9,0.0,50058.0,0.0
2014-04-11 06:50:00,0.102,0,29.6534,0,11720.7,0.0,50058.0,0.0
2014-04-11 06:55:00,0.102,0,30.86,0,11467.2,0.0,50058.0,0.0
2014-04-11 07:00:00,0.068,0,32.0472,0,10783.6,0.0,50058.0,0.0
2014-04-11 07:05:00,0.136,0,31.8479,0,9812.59,0.0,50058.0,0.0
2014-04-11 07:10:00,0.068,0,32.3018,0,9048.75,0.0,50058.0,0.0
2014-04-11 07:15:00,0.1,0,32.4261,0,8437.7,0.0,50058.0,0.0
2014-04-11 07:20:00,0.102,0,31.4262,0,8861.64,0.0,50058.0,0.0
2014-04-11 07:25:00,0.068,0,30.9512,0,8844.75,0.0,50058.0,0.0
2014-04-11 07:30:00,0.102,0,30.1718,0,8816.56,0.0,50058.0,0.0
2014-04-11 07:35:00,0.064,0,29.2452,0,8791.37,0.0,50058.0,0.0
2014-04-11 07:40:00,0.102,0,28.5212,0,8757.05,0.0,50058.0,0.0
2014-04-11 07:45:00,0.102,0,27.2556,0,8715.52,0.0,50058.0,0.0
2014-04-11 07:50:00,0.068,0,26.9819,0,8681.37,0.0,50058.0,0.0
2014-04-11 07:55:00,0.102,0,27.7369,0,8657.12,0.0,50058.0,0.0
2014-04-11 08:00:00,0.1,0,27.6975,0,8645.07,0.0,50058.0,0.0
2014-04-11 08:05:00,0.066,0,27.6733,0,8632.97,0.0,50058.0,0.0
2014-04-11 08:10:00,0.102,0,28.224,0,8634.37,0.0,50058.0,0.0
2014-04-11 08:15:00,0.068,0,28.8396,0,8661.19,0.0,50058.0,0.0
2014-04-11 08:20:00,0.102,0,29.705,0,8708.87,0.0,50058.0,0.0
2014-04-11 08:25:00,0.068,0,30.17,0,8778.72,0.0,50058.0,0.0
2014-04-11 08:30:00,0.102,0,29.59,0,8861.37,0.0,50058.0,0.0
2014-04-11 08:35:00,0.1,0,29.2203,0,8910.57,0.0,50058.0,0.0
2014-04-11 08:40:00,0.068,0,31.4511,0,8954.17,0.0,50058.0,0.0
2014-04-11 08:45:00,0.102,0,30.4556,0,8992.83,0.0,50058.0,0.0
2014-04-11 08:50:00,0.102,0,29.4967,0,9008.2,0.0,50058.0,0.0
2014-04-11 08:55:00,0.068,0,31.0486,0,9011.13,0.0,50058.0,0.0
2014-04-11 09:00:00,0.102,0,29.6607,0,8984.44,0.0,50058.0,0.0
2014-04-11 09:05:00,0.102,0,28.981,0,8928.54,0.0,50058.0,0.0
2014-04-11 09:10:00,0.068,0,28.8885,0,8872.92,0.0,50058.0,0.0
2014-04-11 09:15:00,0.1,0,29.2496,0,8803.77,0.0,50058.0,0.0
2014-04-11 09:20:00,0.302,0,28.7561,0,8736.79,0.0,50058.0,0.0
2014-04-11 09:25:00,1.234,0,28.4639,0,8409.24,0.0,50058.0,0.0
2014-04-11 09:30:00,40.288,0,29.3917,0,3538.58,0.0,50058.0,0.0
2014-04-11 09:35:00,3.434,0,30.5676,0,3578.05,0.0,50058.0,0.0
2014-04-11 09:40:00,0.234,0,31.1662,0,3612.89,0.0,50058.0,0.0
2014-04-11 09:45:00,37.964,0,30.2268,0,3569.06,0.0,50058.0,0.0
2014-04-11 09:50:00,1.766,0,31.1133,0,3570.28,0.0,50058.0,0.0
2014-04-11 09:55:00,0.134,0,32.1594,0,3547.65,0.0,50058.0,0.0
2014-04-11 10:00:00,14.95,0,30.498,0,3576.32,0.0,50058.0,0.0
2014-04-11 10:05:00,0.1,0,31.1264,0,3654.97,0.0,50058.0,0.0
2014-04-11 10:10:00,0.198,0,31.6332,0,3766.27,0.0,50058.0,0.0
2014-04-11 10:15:00,0.336,0,30.9954,0,3907.64,0.0,50058.0,0.0
2014-04-11 10:20:00,7.1320000000000014,0,31.2379,0,4012.92,0.0,50058.0,0.0
2014-04-11 10:25:00,65.608,0,30.5051,0,4127.61,0.0,50058.0,0.0
2014-04-11 10:30:00,98.42,0,30.14,0,4635.23,0.0,50058.0,0.0
2014-04-11 10:35:00,70.854,0,30.3849,0,4881.29,0.0,50058.0,0.0
2014-04-11 10:40:00,85.7,0,30.6546,0,4938.96,0.0,50058.0,0.0
2014-04-11 10:45:00,99.64,0,30.9075,0,5363.34,0.0,50058.0,0.0
2014-04-11 10:50:00,96.218,0,31.0401,0,5729.88,0.0,50058.0,0.0
2014-04-11 10:55:00,85.16,0,31.183000000000003,0,6172.13,0.0,50058.0,0.0
2014-04-11 11:00:00,40.36,0,31.3434,0,13221.6,0.0,50058.0,0.0
2014-04-11 11:05:00,33.664,0,31.1732,0,12288.2,0.0,50058.0,0.0
2014-04-11 11:10:00,23.194000000000006,0,31.3039,0,12253.7,0.0,50058.0,0.0
2014-04-11 11:15:00,54.914,0,31.6638,0,12234.8,0.0,50058.0,0.0
2014-04-11 11:20:00,42.078,0,31.5863,0,12223.1,0.0,50058.0,0.0
2014-04-11 11:25:00,0.102,0,31.7484,0,12192.9,0.0,50058.0,0.0
2014-04-11 11:30:00,40.64,0,31.5385,0,10793.8,0.0,50058.0,0.0
2014-04-11 11:35:00,0.1,0,30.8208,0,10737.4,0.0,50058.0,0.0
2014-04-11 11:40:00,0.102,0,31.3835,0,10845.8,0.0,50058.0,0.0
2014-04-11 11:45:00,0.068,0,30.6539,0,9790.36,0.0,50058.0,0.0
2014-04-11 11:50:00,0.3720000000000001,0,29.1747,0,9899.29,0.0,50058.0,0.0
2014-04-11 11:55:00,40.724,0,29.1642,0,10089.2,0.0,50058.0,0.0
2014-04-11 12:00:00,3.902,0,28.1242,0,9898.49,0.0,50058.0,0.0
2014-04-11 12:05:00,37.38,0,27.5491,0,11401.7,0.0,50058.0,0.0
2014-04-11 12:10:00,0.068,0,28.2179,0,11636.4,0.0,50058.0,0.0
2014-04-11 12:15:00,0.502,0,28.1744,0,11906.8,0.0,50058.0,0.0
2014-04-11 12:20:00,0.102,0,28.0149,0,11993.9,0.0,50058.0,0.0
2014-04-11 12:25:00,2.494,0,28.3327,0,11789.2,0.0,50058.0,0.0
2014-04-11 12:30:00,20.798,0,28.8102,0,10618.8,0.0,50058.0,0.0
2014-04-11 12:35:00,62.334,0,29.3755,0,10175.7,0.0,50058.0,0.0
2014-04-11 12:40:00,98.754,0,30.49,0,9352.36,0.0,50058.0,0.0
2014-04-11 12:45:00,94.932,0,30.4375,0,8155.0,0.0,50058.0,0.0
2014-04-11 12:50:00,63.988,0,31.5583,0,7024.64,0.0,50058.0,0.0
2014-04-11 12:55:00,72.184,0,31.9217,0,6181.4,0.0,50058.0,0.0
2014-04-11 13:00:00,99.308,0,31.3895,0,6607.65,0.0,50058.0,0.0
2014-04-11 13:05:00,99.77,0,31.3328,0,7286.17,0.0,50058.0,0.0
2014-04-11 13:10:00,76.082,0,30.9843,0,9447.17,0.0,50058.0,0.0
2014-04-11 13:15:00,0.1,0,30.8593,0,8175.78,0.0,50058.0,0.0
2014-04-11 13:20:00,0.102,0,30.3463,0,7401.94,0.0,50058.0,0.0
2014-04-11 13:25:00,0.1,0,29.7917,0,7934.92,0.0,50058.0,0.0
2014-04-11 13:30:00,0.1,0,29.6913,0,8343.29,0.0,50058.0,0.0
2014-04-11 13:35:00,0.066,0,29.3081,0,8746.09,0.0,50058.0,0.0
2014-04-11 13:40:00,0.102,0,29.111,0,9185.34,0.0,50058.0,0.0
2014-04-11 13:45:00,0.098,0,28.5199,0,9630.72,0.0,50058.0,0.0
2014-04-11 13:50:00,0.068,0,28.4855,0,10102.6,0.0,50058.0,0.0
2014-04-11 13:55:00,0.102,0,28.9794,0,9379.36,0.0,50058.0,0.0
2014-04-11 14:00:00,37.862,0,28.4341,0,9802.32,0.0,50058.0,0.0
2014-04-11 14:05:00,97.278,0,27.9504,0,9344.79,0.0,50058.0,0.0
2014-04-11 14:10:00,83.27600000000002,0,26.9757,0,10031.8,0.0,50058.0,0.0
2014-04-11 14:15:00,72.672,0,27.223000000000006,0,10729.3,0.0,50058.0,0.0
2014-04-11 14:20:00,98.07,0,28.0666,0,11502.3,0.0,50058.0,0.0
2014-04-11 14:25:00,99.834,0,28.9388,0,12283.9,0.0,50058.0,0.0
2014-04-11 14:30:00,61.862,0,29.4896,0,13145.6,0.0,50058.0,0.0
2014-04-11 14:35:00,0.1,0,29.9256,0,13379.5,0.0,50058.0,0.0
2014-04-11 14:40:00,0.068,0,30.5662,0,12713.4,0.0,50058.0,0.0
2014-04-11 14:45:00,0.1,0,30.922,0,19150.8,0.0,50058.0,0.0
2014-04-11 14:50:00,0.1,0,31.7731,0,17114.7,0.0,50058.0,0.0
2014-04-11 14:55:00,0.102,0,32.1061,0,14891.7,0.0,50058.0,0.0
2014-04-11 15:00:00,0.202,0,32.1246,0,11799.1,0.0,50058.0,0.0
2014-04-11 15:05:00,0.134,0,32.0906,0,8802.43,0.0,50058.0,0.0
2014-04-11 15:10:00,0.1,0,31.4524,0,6734.98,0.0,50058.0,0.0
2014-04-11 15:15:00,0.102,0,30.8197,0,7267.13,0.0,50058.0,0.0
2014-04-11 15:20:00,0.1,0,29.9109,0,7820.03,0.0,50058.0,0.0
2014-04-11 15:25:00,0.102,0,28.6165,0,8383.07,0.0,50058.0,0.0
2014-04-11 15:30:00,0.1,0,27.3403,0,8953.35,0.0,50058.0,0.0
2014-04-11 15:35:00,0.302,0,26.519,0,9541.17,0.0,50058.0,0.0
2014-04-11 15:40:00,0.1,0,25.8404,0,10136.7,0.0,50058.0,0.0
2014-04-11 15:45:00,0.066,0,26.1887,0,10744.8,0.0,50058.0,0.0
2014-04-11 15:50:00,0.1,0,26.8343,0,11356.3,0.0,50058.0,0.0
2014-04-11 15:55:00,0.1,0,27.0719,0,11983.5,0.0,50058.0,0.0
2014-04-11 16:00:00,0.1,0,27.5061,0,12643.2,0.0,50058.0,0.0
2014-04-11 16:05:00,0.236,0,28.6531,0,11822.3,0.0,50058.0,0.0
2014-04-11 16:10:00,0.1,0,30.0967,0,11299.1,0.0,50058.0,0.0
2014-04-11 16:15:00,0.1,0,31.6208,0,10991.3,0.0,50058.0,0.0
2014-04-11 16:20:00,0.066,0,31.7939,0,10040.5,0.0,50058.0,0.0
2014-04-11 16:25:00,0.102,0,31.634,0,9027.59,0.0,50058.0,0.0
2014-04-11 16:30:00,0.1,0,32.3035,0,8942.45,0.0,50058.0,0.0
2014-04-11 16:35:00,0.1,0,31.7815,0,8947.17,0.0,50058.0,0.0
2014-04-11 16:40:00,0.1,0,30.9107,0,8944.7,0.0,50058.0,0.0
2014-04-11 16:45:00,0.066,0,29.9161,0,8926.41,0.0,50058.0,0.0
2014-04-11 16:50:00,0.098,0,29.3949,0,8898.88,0.0,50058.0,0.0
2014-04-11 16:55:00,0.264,0,28.6073,0,8908.26,0.0,50058.0,0.0
2014-04-11 17:00:00,0.102,0,27.2807,0,8837.41,0.0,50058.0,0.0
2014-04-11 17:05:00,0.1,0,26.8496,0,8764.77,0.0,50058.0,0.0
2014-04-11 17:10:00,0.102,0,27.5698,0,8689.52,0.0,50058.0,0.0
2014-04-11 17:15:00,0.132,0,28.0535,0,8625.86,0.0,50058.0,0.0
2014-04-11 17:20:00,0.132,0,27.8293,0,8574.93,0.0,50058.0,0.0
2014-04-11 17:25:00,0.134,0,28.2165,0,8543.88,0.0,50058.0,0.0
2014-04-11 17:30:00,0.3,0,29.3967,0,8568.96,0.0,50058.0,0.0
2014-04-11 17:35:00,60.56800000000001,0,29.8849,0,8592.55,0.0,50058.0,0.0
2014-04-11 17:40:00,94.502,0,29.6377,0,8683.83,0.0,50058.0,0.0
2014-04-11 17:45:00,97.272,0,29.8628,0,8835.13,0.0,50058.0,0.0
2014-04-11 17:50:00,43.896,0,31.0037,0,7187.59,0.0,50058.0,0.0
2014-04-11 17:55:00,2.272,0,31.5712,0,7136.17,0.0,50058.0,0.0
2014-04-11 18:00:00,2.068,0,32.0625,0,7103.24,0.0,50058.0,0.0
2014-04-11 18:05:00,77.902,0,31.3876,0,7104.57,0.0,50058.0,0.0
2014-04-11 18:10:00,98.474,0,31.0369,0,7191.08,0.0,50058.0,0.0
2014-04-11 18:15:00,98.174,0,30.7243,0,7365.67,0.0,50058.0,0.0
2014-04-11 18:20:00,98.698,0,30.8946,0,7633.97,0.0,50058.0,0.0
2014-04-11 18:25:00,98.478,0,31.3717,0,7960.6,0.0,50058.0,0.0
2014-04-11 18:30:00,98.934,0,32.1543,0,8338.87,0.0,50058.0,0.0
2014-04-11 18:35:00,98.436,0,32.152,0,8788.0,0.0,50058.0,0.0
2014-04-11 18:40:00,98.282,0,31.6578,0,9278.71,0.0,50058.0,0.0
2014-04-11 18:45:00,98.844,0,30.9238,0,9803.98,0.0,50058.0,0.0
2014-04-11 18:50:00,99.112,0,30.7016,0,10358.6,0.0,50058.0,0.0
2014-04-11 18:55:00,72.71,0,30.9205,0,10923.0,0.0,50058.0,0.0
2014-04-11 19:00:00,54.038,0,31.2314,0,11481.6,0.0,50058.0,0.0
2014-04-11 19:05:00,1.932,0,31.2415,0,12021.2,0.0,50058.0,0.0
2014-04-11 19:10:00,1.798,0,30.6114,0,12563.0,0.0,50058.0,0.0
2014-04-11 19:15:00,1.89,0,29.9756,0,13133.6,0.0,50058.0,0.0
2014-04-11 19:20:00,1.906,0,29.8166,0,13728.3,0.0,50058.0,0.0
2014-04-11 19:25:00,1.898,0,29.7796,0,14329.4,0.0,50058.0,0.0
2014-04-11 19:30:00,1.898,0,29.6679,0,14948.1,0.0,50058.0,0.0
2014-04-11 19:35:00,1.932,0,29.7296,0,15319.7,0.0,50058.0,0.0
2014-04-11 19:40:00,1.892,0,29.2184,0,14851.8,0.0,50058.0,0.0
2014-04-11 19:45:00,1.896,0,29.0128,0,14271.1,0.0,50058.0,0.0
2014-04-11 19:50:00,1.804,0,28.8292,0,15689.5,0.0,50058.0,0.0
2014-04-11 19:55:00,0.696,0,28.555,0,15682.2,0.0,50058.0,0.0
2014-04-11 20:00:00,0.1,0,28.527,0,15701.7,0.0,50058.0,0.0
2014-04-11 20:05:00,0.102,0,28.6914,0,15638.3,0.0,50058.0,0.0
2014-04-11 20:10:00,0.1,0,28.7357,0,15026.4,0.0,50058.0,0.0
2014-04-11 20:15:00,0.238,0,29.0149,0,14374.7,0.0,50058.0,0.0
2014-04-11 20:20:00,2.9160000000000004,0,29.0992,0,13661.1,0.0,50058.0,0.0
2014-04-11 20:25:00,21.114,0,29.2455,0,12897.2,0.0,50058.0,0.0
2014-04-11 20:30:00,35.868,0,29.8149,0,25378.2,0.0,50058.0,0.0
2014-04-11 20:35:00,98.57,0,29.8264,0,20967.3,0.0,50058.0,0.0
2014-04-11 20:40:00,88.39,0,30.0584,0,16692.9,0.0,50058.0,0.0
2014-04-11 20:45:00,71.706,0,30.6854,0,12506.2,0.0,50058.0,0.0
2014-04-11 20:50:00,95.57,0,30.9134,0,8473.64,0.0,50058.0,0.0
2014-04-11 20:55:00,99.704,0,30.8902,0,5728.56,0.0,50058.0,0.0
2014-04-11 21:00:00,82.554,0,30.5958,0,3878.14,0.0,50058.0,0.0
2014-04-11 21:05:00,83.044,0,29.7185,0,4206.82,0.0,50058.0,0.0
2014-04-11 21:10:00,97.056,0,29.5885,0,4574.88,0.0,50058.0,0.0
2014-04-11 21:15:00,96.524,0,29.6377,0,4987.54,0.0,50058.0,0.0
2014-04-11 21:20:00,96.776,0,29.5315,0,5470.36,0.0,50058.0,0.0
2014-04-11 21:25:00,96.476,0,29.5906,0,6018.31,0.0,50058.0,0.0
2014-04-11 21:30:00,96.328,0,29.5817,0,6624.33,0.0,50058.0,0.0
2014-04-11 21:35:00,23.752,0,29.8066,0,10590.5,0.0,50058.0,0.0
2014-04-11 21:40:00,0.102,0,29.7667,0,11201.4,0.0,50058.0,0.0
2014-04-11 21:45:00,0.1,0,29.6428,0,11839.5,0.0,50058.0,0.0
2014-04-11 21:50:00,0.1,0,29.6443,0,12501.1,0.0,50058.0,0.0
2014-04-11 21:55:00,0.102,0,29.5043,0,13211.5,0.0,50058.0,0.0
2014-04-11 22:00:00,1.336,0,29.0521,0,13295.7,0.0,50058.0,0.0
2014-04-11 22:05:00,1.632,0,29.024,0,13411.6,0.0,50058.0,0.0
2014-04-11 22:10:00,0.8340000000000001,0,28.6674,0,13546.2,0.0,50058.0,0.0
2014-04-11 22:15:00,0.068,0,28.2549,0,13713.9,0.0,50058.0,0.0
2014-04-11 22:20:00,0.1,0,28.3491,0,13832.7,0.0,50058.0,0.0
2014-04-11 22:25:00,21.038,0,28.0858,0,14661.7,0.0,50058.0,0.0
2014-04-11 22:30:00,97.312,0,27.7543,0,15585.9,0.0,50058.0,0.0
2014-04-11 22:35:00,90.966,0,28.2289,0,15013.5,0.0,50058.0,0.0
2014-04-11 22:40:00,68.82,0,28.7859,0,14667.6,0.0,50058.0,0.0
2014-04-11 22:45:00,94.06,0,29.5776,0,14751.4,0.0,50058.0,0.0
2014-04-11 22:50:00,99.638,0,30.1489,0,14282.7,0.0,50058.0,0.0
2014-04-11 22:55:00,90.604,0,30.5968,0,13711.9,0.0,50058.0,0.0
2014-04-11 23:00:00,14.868,0,31.2625,0,13516.1,0.0,50058.0,0.0
2014-04-11 23:05:00,0.1,0,31.4969,0,13280.3,0.0,50058.0,0.0
2014-04-11 23:10:00,0.1,0,31.4929,0,19697.4,0.0,50058.0,0.0
2014-04-11 23:15:00,0.066,0,31.6931,0,16418.3,0.0,50058.0,0.0
2014-04-11 23:20:00,0.102,0,31.6213,0,13248.3,0.0,50058.0,0.0
2014-04-11 23:25:00,0.102,0,31.052,0,10211.4,0.0,50058.0,0.0
2014-04-11 23:30:00,0.1,0,30.4694,0,7297.1,0.0,50058.0,0.0
2014-04-11 23:35:00,0.1,0,29.5676,0,6968.78,0.0,50058.0,0.0
2014-04-11 23:40:00,0.1,0,29.4247,0,7459.96,0.0,50058.0,0.0
2014-04-11 23:45:00,0.068,0,28.965,0,7972.9,0.0,50058.0,0.0
2014-04-11 23:50:00,0.102,0,27.8196,0,8509.17,0.0,50058.0,0.0
2014-04-11 23:55:00,0.098,0,27.0687,0,9064.55,0.0,50058.0,0.0
2014-04-12 00:00:00,0.098,0,26.5306,0,9957.09,0.0,50058.0,0.0
2014-04-12 00:05:00,13.804,0,26.0979,0,10473.0,0.0,50058.0,0.0
2014-04-12 00:10:00,97.052,0,26.0447,0,11191.1,0.0,50058.0,0.0
2014-04-12 00:15:00,92.182,0,26.7222,0,11880.9,0.0,50058.0,0.0
2014-04-12 00:20:00,62.256,0,27.4858,0,12606.7,0.0,50058.0,0.0
2014-04-12 00:25:00,90.634,0,28.26,0,13387.1,0.0,50058.0,0.0
2014-04-12 00:30:00,99.408,0,29.4839,0,12433.1,0.0,50058.0,0.0
2014-04-12 00:35:00,88.266,0,31.0048,0,11907.4,0.0,50058.0,0.0
2014-04-12 00:40:00,29.468000000000004,0,32.2053,0,19366.6,0.0,50058.0,0.0
2014-04-12 00:45:00,0.068,0,32.3317,0,15599.0,0.0,50058.0,0.0
2014-04-12 00:50:00,0.1,0,32.4446,0,11746.8,0.0,50058.0,0.0
2014-04-12 00:55:00,0.102,0,32.8567,0,8735.53,0.0,50058.0,0.0
2014-04-12 01:00:00,0.102,0,32.5209,0,8281.18,0.0,50058.0,0.0
2014-04-12 01:05:00,0.068,0,31.8756,0,8807.97,0.0,50058.0,0.0
2014-04-12 01:10:00,0.1,0,30.9873,0,9371.46,0.0,50058.0,0.0
2014-04-12 01:15:00,0.1,0,30.0428,0,9966.34,0.0,50058.0,0.0
2014-04-12 01:20:00,0.102,0,29.3966,0,10602.5,0.0,50058.0,0.0
2014-04-12 01:25:00,0.102,0,28.3168,0,14166.5,0.0,50058.0,0.0
2014-04-12 01:30:00,0.102,0,27.1227,0,15301.1,0.0,50058.0,0.0
2014-04-12 01:35:00,0.068,0,26.6855,0,16180.5,0.0,50058.0,0.0
2014-04-12 01:40:00,78.138,0,26.6598,0,14724.9,0.0,50058.0,0.0
2014-04-12 01:45:00,99.53,0,26.4305,0,15179.0,0.0,50058.0,0.0
2014-04-12 01:50:00,72.262,0,26.9015,0,15234.5,0.0,50058.0,0.0
2014-04-12 01:55:00,90.726,0,28.0293,0,15685.4,0.0,50058.0,0.0
2014-04-12 02:00:00,99.108,0,28.9904,0,16182.9,0.0,50058.0,0.0
2014-04-12 02:05:00,89.5,0,29.9604,0,16776.2,0.0,50058.0,0.0
2014-04-12 02:10:00,41.334,0,30.6553,0,15327.0,0.0,50058.0,0.0
2014-04-12 02:15:00,0.1,0,31.3344,0,14000.7,0.0,50058.0,0.0
2014-04-12 02:20:00,0.068,0,32.3231,0,21133.4,0.0,50058.0,0.0
2014-04-12 02:25:00,0.1,0,32.7132,0,17605.9,0.0,50058.0,0.0
2014-04-12 02:30:00,0.136,0,32.481,0,13873.7,0.0,50058.0,0.0
2014-04-12 02:35:00,0.068,0,32.7642,0,10703.0,0.0,50058.0,0.0
2014-04-12 02:40:00,0.1,0,32.393,0,9796.24,0.0,50058.0,0.0
2014-04-12 02:45:00,0.102,0,31.4119,0,9999.89,0.0,50058.0,0.0
2014-04-12 02:50:00,0.102,0,30.4395,0,10227.9,0.0,50058.0,0.0
2014-04-12 02:55:00,0.068,0,29.7548,0,10480.1,0.0,50058.0,0.0
2014-04-12 03:00:00,0.102,0,28.8032,0,10763.4,0.0,50058.0,0.0
2014-04-12 03:05:00,0.098,0,27.1793,0,11059.8,0.0,50058.0,0.0
2014-04-12 03:10:00,0.1,0,25.9587,0,11357.4,0.0,50058.0,0.0
2014-04-12 03:15:00,0.068,0,26.0008,0,11649.3,0.0,50058.0,0.0
2014-04-12 03:20:00,0.102,0,26.5103,0,11933.2,0.0,50058.0,0.0
2014-04-12 03:25:00,0.102,0,26.5664,0,12216.1,0.0,50058.0,0.0
2014-04-12 03:30:00,0.066,0,26.8149,0,12486.8,0.0,50058.0,0.0
2014-04-12 03:35:00,0.102,0,27.8547,0,12742.2,0.0,50058.0,0.0
2014-04-12 03:40:00,0.1,0,29.344,0,12363.1,0.0,50058.0,0.0
2014-04-12 03:45:00,0.068,0,30.0574,0,11426.4,0.0,50058.0,0.0
2014-04-12 03:50:00,0.102,0,31.0401,0,11122.7,0.0,50058.0,0.0
2014-04-12 03:55:00,0.102,0,32.1096,0,10354.3,0.0,50058.0,0.0
2014-04-12 04:00:00,0.102,0,31.9252,0,9372.79,0.0,50058.0,0.0
2014-04-12 04:05:00,0.068,0,32.3373,0,8616.24,0.0,50058.0,0.0
2014-04-12 04:10:00,0.1,0,32.2165,0,9059.82,0.0,50058.0,0.0
2014-04-12 04:15:00,0.1,0,31.3778,0,9044.71,0.0,50058.0,0.0
2014-04-12 04:20:00,0.1,0,30.5765,0,9012.33,0.0,50058.0,0.0
2014-04-12 04:25:00,0.1,0,29.7232,0,8955.34,0.0,50058.0,0.0
2014-04-12 04:30:00,0.068,0,29.1353,0,8886.94,0.0,50058.0,0.0
2014-04-12 04:35:00,0.102,0,28.1492,0,8819.1,0.0,50058.0,0.0
2014-04-12 04:40:00,0.102,0,26.9238,0,8740.61,0.0,50058.0,0.0
2014-04-12 04:45:00,0.102,0,27.0189,0,8665.61,0.0,50058.0,0.0
2014-04-12 04:50:00,0.102,0,27.9412,0,8609.76,0.0,50058.0,0.0
2014-04-12 04:55:00,0.068,0,27.8631,0,8573.94,0.0,50058.0,0.0
2014-04-12 05:00:00,0.102,0,27.8728,0,8553.48,0.0,50058.0,0.0
2014-04-12 05:05:00,0.102,0,28.6377,0,8554.82,0.0,50058.0,0.0
2014-04-12 05:10:00,0.1,0,29.5957,0,8596.64,0.0,50058.0,0.0
2014-04-12 05:15:00,0.068,0,30.1327,0,8670.63,0.0,50058.0,0.0
2014-04-12 05:20:00,0.102,0,29.7523,0,8748.55,0.0,50058.0,0.0
2014-04-12 05:25:00,0.1,0,29.2352,0,8817.49,0.0,50058.0,0.0
2014-04-12 05:30:00,0.102,0,28.9957,0,8886.85,0.0,50058.0,0.0
2014-04-12 05:35:00,0.068,0,29.6105,0,8953.32,0.0,50058.0,0.0
2014-04-12 05:40:00,0.102,0,29.0593,0,8996.55,0.0,50058.0,0.0
2014-04-12 05:45:00,0.102,0,29.0394,0,9002.95,0.0,50058.0,0.0
2014-04-12 05:50:00,0.068,0,29.3807,0,8992.05,0.0,50058.0,0.0
2014-04-12 05:55:00,0.102,0,29.1768,0,8955.92,0.0,50058.0,0.0
2014-04-12 06:00:00,0.102,0,29.1112,0,8891.18,0.0,50058.0,0.0
2014-04-12 06:05:00,0.068,0,29.3262,0,8827.24,0.0,50058.0,0.0
2014-04-12 06:10:00,0.102,0,29.2444,0,8751.16,0.0,50058.0,0.0
2014-04-12 06:15:00,0.102,0,29.1234,0,8675.01,0.0,50058.0,0.0
2014-04-12 06:20:00,0.068,0,29.3565,0,8616.76,0.0,50058.0,0.0
2014-04-12 06:25:00,0.102,0,29.2425,0,8576.53,0.0,50058.0,0.0
2014-04-12 06:30:00,0.1,0,29.1708,0,8555.49,0.0,50058.0,0.0
2014-04-12 06:35:00,0.066,0,29.3547,0,8549.45,0.0,50058.0,0.0
2014-04-12 06:40:00,0.1,0,29.1178,0,8568.28,0.0,50058.0,0.0
2014-04-12 06:45:00,0.068,0,29.3564,0,8618.75,0.0,50058.0,0.0
2014-04-12 06:50:00,0.1,0,29.2105,0,8669.28,0.0,50058.0,0.0
2014-04-12 06:55:00,0.1,0,29.0506,0,8698.09,0.0,50058.0,0.0
2014-04-12 07:00:00,0.068,0,29.3164,0,8730.82,0.0,50058.0,0.0
2014-04-12 07:05:00,0.102,0,29.2127,0,8764.75,0.0,50058.0,0.0
2014-04-12 07:10:00,0.102,0,29.1647,0,8780.86,0.0,50058.0,0.0
2014-04-12 07:15:00,0.102,0,29.2325,0,8772.74,0.0,50058.0,0.0
2014-04-12 07:20:00,0.066,0,29.1811,0,8751.68,0.0,50058.0,0.0
2014-04-12 07:25:00,0.102,0,29.2041,0,8739.13,0.0,50058.0,0.0
2014-04-12 07:30:00,0.102,0,29.3292,0,8739.01,0.0,50058.0,0.0
2014-04-12 07:35:00,0.068,0,29.1393,0,8744.15,0.0,50058.0,0.0
2014-04-12 07:40:00,0.1,0,29.1922,0,8734.89,0.0,50058.0,0.0
2014-04-12 07:45:00,0.102,0,29.129,0,8738.98,0.0,50058.0,0.0
2014-04-12 07:50:00,0.066,0,29.2961,0,8742.83,0.0,50058.0,0.0
2014-04-12 07:55:00,0.102,0,29.4959,0,8739.22,0.0,50058.0,0.0
2014-04-12 08:00:00,0.1,0,28.9917,0,8740.83,0.0,50058.0,0.0
2014-04-12 08:05:00,0.066,0,29.2053,0,8743.07,0.0,50058.0,0.0
2014-04-12 08:10:00,0.102,0,29.5487,0,8740.86,0.0,50058.0,0.0
2014-04-12 08:15:00,0.102,0,29.0482,0,8740.9,0.0,50058.0,0.0
2014-04-12 08:20:00,0.068,0,29.206,0,8742.97,0.0,50058.0,0.0
2014-04-12 08:25:00,0.102,0,29.3492,0,8740.1,0.0,50058.0,0.0
2014-04-12 08:30:00,0.102,0,29.0081,0,8740.02,0.0,50058.0,0.0
2014-04-12 08:35:00,0.102,0,29.2626,0,8740.65,0.0,50058.0,0.0
2014-04-12 08:40:00,0.068,0,29.4051,0,8737.63,0.0,50058.0,0.0
2014-04-12 08:45:00,0.102,0,28.8773,0,8739.77,0.0,50058.0,0.0
2014-04-12 08:50:00,0.102,0,29.3653,0,8736.48,0.0,50058.0,0.0
2014-04-12 08:55:00,0.1,0,29.2519,0,8736.84,0.0,50058.0,0.0
2014-04-12 09:00:00,0.068,0,29.1923,0,8740.47,0.0,50058.0,0.0
2014-04-12 09:05:00,0.102,0,29.3264,0,8738.42,0.0,50058.0,0.0
2014-04-12 09:10:00,0.102,0,29.238000000000003,0,8738.96,0.0,50058.0,0.0
2014-04-12 09:15:00,0.068,0,29.3306,0,8740.77,0.0,50058.0,0.0
2014-04-12 09:20:00,0.1,0,29.4109,0,8740.15,0.0,50058.0,0.0
2014-04-12 09:25:00,0.102,0,29.2861,0,8741.86,0.0,50058.0,0.0
2014-04-12 09:30:00,0.102,0,29.2592,0,8743.09,0.0,50058.0,0.0
2014-04-12 09:35:00,0.068,0,29.3469,0,8740.44,0.0,50058.0,0.0
2014-04-12 09:40:00,0.102,0,29.415,0,8743.32,0.0,50058.0,0.0
2014-04-12 09:45:00,0.102,0,29.1617,0,8745.21,0.0,50058.0,0.0
2014-04-12 09:50:00,0.1,0,29.1807,0,8747.74,0.0,50058.0,0.0
2014-04-12 09:55:00,0.068,0,29.3621,0,8747.04,0.0,50058.0,0.0
2014-04-12 10:00:00,0.102,0,29.0993,0,8741.37,0.0,50058.0,0.0
2014-04-12 10:05:00,0.066,0,29.1803,0,8747.09,0.0,50058.0,0.0
2014-04-12 10:10:00,0.102,0,29.2445,0,8748.52,0.0,50058.0,0.0
2014-04-12 10:15:00,0.102,0,29.1181,0,8741.4,0.0,50058.0,0.0
2014-04-12 10:20:00,0.068,0,29.3165,0,8745.55,0.0,50058.0,0.0
2014-04-12 10:25:00,0.102,0,29.3475,0,8746.84,0.0,50058.0,0.0
2014-04-12 10:30:00,0.068,0,28.9283,0,8744.73,0.0,50058.0,0.0
2014-04-12 10:35:00,0.102,0,29.4569,0,8750.72,0.0,50058.0,0.0
2014-04-12 10:40:00,0.102,0,29.3002,0,8749.94,0.0,50058.0,0.0
2014-04-12 10:45:00,0.068,0,29.1729,0,8746.5,0.0,50058.0,0.0
2014-04-12 10:50:00,0.1,0,29.2479,0,8756.01,0.0,50058.0,0.0
2014-04-12 10:55:00,0.068,0,29.1554,0,8753.69,0.0,50058.0,0.0
2014-04-12 11:00:00,0.102,0,29.2135,0,8753.19,0.0,50058.0,0.0
2014-04-12 11:05:00,0.1,0,29.3108,0,8754.95,0.0,50058.0,0.0
2014-04-12 11:10:00,0.066,0,29.111,0,8753.52,0.0,50058.0,0.0
2014-04-12 11:15:00,0.102,0,29.1522,0,8753.23,0.0,50058.0,0.0
2014-04-12 11:20:00,0.1,0,29.2863,0,8751.31,0.0,50058.0,0.0
2014-04-12 11:25:00,0.1,0,29.1148,0,8747.39,0.0,50058.0,0.0
2014-04-12 11:30:00,0.068,0,29.2387,0,8746.33,0.0,50058.0,0.0
2014-04-12 11:35:00,0.102,0,29.3645,0,8745.04,0.0,50058.0,0.0
2014-04-12 11:40:00,0.1,0,29.3512,0,8742.48,0.0,50058.0,0.0
2014-04-12 11:45:00,0.066,0,29.1808,0,8738.26,0.0,50058.0,0.0
2014-04-12 11:50:00,0.1,0,29.1583,0,8740.09,0.0,50058.0,0.0
2014-04-12 11:55:00,0.102,0,29.364,0,8740.64,0.0,50058.0,0.0
2014-04-12 12:00:00,0.068,0,29.4203,0,8737.68,0.0,50058.0,0.0
2014-04-12 12:05:00,0.102,0,29.054,0,8740.46,0.0,50058.0,0.0
2014-04-12 12:10:00,0.1,0,29.2393,0,8742.03,0.0,50058.0,0.0
2014-04-12 12:15:00,0.102,0,29.3505,0,8742.06,0.0,50058.0,0.0
2014-04-12 12:20:00,0.068,0,29.1939,0,8744.53,0.0,50058.0,0.0
2014-04-12 12:25:00,0.102,0,29.1425,0,8742.94,0.0,50058.0,0.0
2014-04-12 12:30:00,0.102,0,29.1182,0,8739.55,0.0,50058.0,0.0
2014-04-12 12:35:00,0.068,0,29.5073,0,8747.26,0.0,50058.0,0.0
2014-04-12 12:40:00,0.1,0,29.118,0,8742.33,0.0,50058.0,0.0
2014-04-12 12:45:00,0.1,0,28.9355,0,8740.14,0.0,50058.0,0.0
2014-04-12 12:50:00,0.102,0,29.5215,0,8741.53,0.0,50058.0,0.0
2014-04-12 12:55:00,0.1,0,29.129,0,8740.59,0.0,50058.0,0.0
2014-04-12 13:00:00,0.1,0,29.2909,0,8742.67,0.0,50058.0,0.0
2014-04-12 13:05:00,0.068,0,29.4329,0,8743.41,0.0,50058.0,0.0
2014-04-12 13:10:00,0.102,0,29.2542,0,8741.08,0.0,50058.0,0.0
2014-04-12 13:15:00,0.102,0,29.2396,0,8744.56,0.0,50058.0,0.0
2014-04-12 13:20:00,0.102,0,29.3242,0,8747.09,0.0,50058.0,0.0
2014-04-12 13:25:00,0.068,0,29.4203,0,8746.47,0.0,50058.0,0.0
2014-04-12 13:30:00,0.1,0,29.2143,0,8749.47,0.0,50058.0,0.0
2014-04-12 13:35:00,0.1,0,29.3325,0,8750.29,0.0,50058.0,0.0
2014-04-12 13:40:00,0.1,0,29.2335,0,8748.01,0.0,50058.0,0.0
2014-04-12 13:45:00,0.066,0,29.4894,0,8745.11,0.0,50058.0,0.0
2014-04-12 13:50:00,0.1,0,29.279,0,8747.43,0.0,50058.0,0.0
2014-04-12 13:55:00,0.102,0,29.0977,0,8750.46,0.0,50058.0,0.0
2014-04-12 14:00:00,0.102,0,29.1914,0,8747.44,0.0,50058.0,0.0
2014-04-12 14:05:00,0.066,0,29.3565,0,8743.68,0.0,50058.0,0.0
2014-04-12 14:10:00,0.102,0,29.2189,0,8748.98,0.0,50058.0,0.0
2014-04-12 14:15:00,0.1,0,29.2183,0,8749.85,0.0,50058.0,0.0
2014-04-12 14:20:00,0.1,0,29.0579,0,8747.08,0.0,50058.0,0.0
2014-04-12 14:25:00,0.066,0,29.3853,0,8748.78,0.0,50058.0,0.0
2014-04-12 14:30:00,0.134,0,29.1328,0,8751.92,0.0,50058.0,0.0
2014-04-12 14:35:00,0.1,0,29.2529,0,8754.82,0.0,50058.0,0.0
2014-04-12 14:40:00,0.066,0,29.3918,0,8748.92,0.0,50058.0,0.0
2014-04-12 14:45:00,0.1,0,29.3124,0,8752.64,0.0,50058.0,0.0
2014-04-12 14:50:00,0.068,0,29.2097,0,8761.2,0.0,50058.0,0.0
2014-04-12 14:55:00,0.102,0,29.4179,0,8755.33,0.0,50058.0,0.0
2014-04-12 15:00:00,0.102,0,29.2247,0,8759.17,0.0,50058.0,0.0
2014-04-12 15:05:00,0.102,0,29.1836,0,8758.26,0.0,50058.0,0.0
2014-04-12 15:10:00,0.1,0,29.2917,0,8754.51,0.0,50058.0,0.0
2014-04-12 15:15:00,0.068,0,29.34,0,8755.12,0.0,50058.0,0.0
2014-04-12 15:20:00,0.1,0,29.3766,0,8756.18,0.0,50058.0,0.0
2014-04-12 15:25:00,0.1,0,29.2748,0,8754.41,0.0,50058.0,0.0
2014-04-12 15:30:00,0.068,0,29.2382,0,8750.99,0.0,50058.0,0.0
2014-04-12 15:35:00,0.102,0,29.1489,0,8752.54,0.0,50058.0,0.0
2014-04-12 15:40:00,0.102,0,29.0129,0,8751.42,0.0,50058.0,0.0
2014-04-12 15:45:00,0.068,0,29.2631,0,8750.93,0.0,50058.0,0.0
2014-04-12 15:50:00,0.1,0,29.1908,0,8745.24,0.0,50058.0,0.0
2014-04-12 15:55:00,0.1,0,29.0848,0,8744.56,0.0,50058.0,0.0
2014-04-12 16:00:00,0.068,0,29.3794,0,8748.45,0.0,50058.0,0.0
2014-04-12 16:05:00,0.102,0,29.2412,0,8748.99,0.0,50058.0,0.0
2014-04-12 16:10:00,0.1,0,28.9857,0,8746.52,0.0,50058.0,0.0
2014-04-12 16:15:00,0.066,0,29.2049,0,8747.09,0.0,50058.0,0.0
2014-04-12 16:20:00,0.1,0,29.3658,0,8747.69,0.0,50058.0,0.0
2014-04-12 16:25:00,0.102,0,29.2989,0,8751.56,0.0,50058.0,0.0
2014-04-12 16:30:00,0.068,0,29.2872,0,8749.19,0.0,50058.0,0.0
2014-04-12 16:35:00,0.102,0,28.9633,0,8752.23,0.0,50058.0,0.0
2014-04-12 16:40:00,0.1,0,29.3168,0,8751.24,0.0,50058.0,0.0
2014-04-12 16:45:00,0.068,0,29.4509,0,8747.69,0.0,50058.0,0.0
2014-04-12 16:50:00,0.102,0,29.0135,0,8745.39,0.0,50058.0,0.0
2014-04-12 16:55:00,0.102,0,29.2432,0,8746.17,0.0,50058.0,0.0
2014-04-12 17:00:00,0.068,0,29.289,0,8741.81,0.0,50058.0,0.0
2014-04-12 17:05:00,0.1,0,29.2909,0,8742.15,0.0,50058.0,0.0
2014-04-12 17:10:00,0.102,0,29.1651,0,8743.54,0.0,50058.0,0.0
2014-04-12 17:15:00,0.066,0,29.0494,0,8741.44,0.0,50058.0,0.0
2014-04-12 17:20:00,0.102,0,29.479,0,8738.66,0.0,50058.0,0.0
2014-04-12 17:25:00,0.102,0,29.1808,0,8735.1,0.0,50058.0,0.0
2014-04-12 17:30:00,0.068,0,29.0626,0,8733.12,0.0,50058.0,0.0
2014-04-12 17:35:00,0.1,0,29.3952,0,8732.66,0.0,50058.0,0.0
2014-04-12 17:40:00,0.066,0,29.2873,0,8734.63,0.0,50058.0,0.0
2014-04-12 17:45:00,0.102,0,29.0633,0,8739.29,0.0,50058.0,0.0
2014-04-12 17:50:00,0.102,0,29.4087,0,8738.5,0.0,50058.0,0.0
2014-04-12 17:55:00,0.068,0,29.0744,0,8739.7,0.0,50058.0,0.0
2014-04-12 18:00:00,0.1,0,28.9723,0,8742.64,0.0,50058.0,0.0
2014-04-12 18:05:00,0.1,0,29.3816,0,8738.91,0.0,50058.0,0.0
2014-04-12 18:10:00,0.068,0,29.2278,0,8738.63,0.0,50058.0,0.0
2014-04-12 18:15:00,0.1,0,29.1507,0,8743.87,0.0,50058.0,0.0
2014-04-12 18:20:00,0.102,0,29.3549,0,8744.61,0.0,50058.0,0.0
2014-04-12 18:25:00,0.102,0,29.0529,0,8741.53,0.0,50058.0,0.0
2014-04-12 18:30:00,0.068,0,29.2552,0,8738.99,0.0,50058.0,0.0
2014-04-12 18:35:00,0.102,0,29.3626,0,8737.51,0.0,50058.0,0.0
2014-04-12 18:40:00,0.102,0,29.1193,0,8744.16,0.0,50058.0,0.0
2014-04-12 18:45:00,0.068,0,29.3853,0,8741.36,0.0,50058.0,0.0
2014-04-12 18:50:00,0.1,0,29.4472,0,8736.09,0.0,50058.0,0.0
2014-04-12 18:55:00,0.1,0,28.9609,0,8741.75,0.0,50058.0,0.0
2014-04-12 19:00:00,0.1,0,29.3966,0,8740.77,0.0,50058.0,0.0
2014-04-12 19:05:00,0.068,0,29.49,0,8739.6,0.0,50058.0,0.0
2014-04-12 19:10:00,0.1,0,29.0459,0,8738.64,0.0,50058.0,0.0
2014-04-12 19:15:00,0.102,0,29.4271,0,8739.67,0.0,50058.0,0.0
2014-04-12 19:20:00,0.068,0,29.4921,0,8744.76,0.0,50058.0,0.0
2014-04-12 19:25:00,0.1,0,28.9158,0,8739.55,0.0,50058.0,0.0
2014-04-12 19:30:00,0.1,0,29.2516,0,8740.38,0.0,50058.0,0.0
2014-04-12 19:35:00,0.102,0,29.424,0,8745.01,0.0,50058.0,0.0
2014-04-12 19:40:00,0.066,0,28.9889,0,8740.87,0.0,50058.0,0.0
2014-04-12 19:45:00,0.1,0,29.3727,0,8739.88,0.0,50058.0,0.0
2014-04-12 19:50:00,0.102,0,29.2233,0,8744.58,0.0,50058.0,0.0
2014-04-12 19:55:00,0.102,0,29.0521,0,8739.95,0.0,50058.0,0.0
2014-04-12 20:00:00,0.068,0,29.4786,0,8744.13,0.0,50058.0,0.0
2014-04-12 20:05:00,0.1,0,29.0013,0,8751.26,0.0,50058.0,0.0
2014-04-12 20:10:00,0.102,0,29.2742,0,8747.39,0.0,50058.0,0.0
2014-04-12 20:15:00,0.1,0,29.4959,0,8748.02,0.0,50058.0,0.0
2014-04-12 20:20:00,0.068,0,29.2005,0,8750.93,0.0,50058.0,0.0
2014-04-12 20:25:00,0.1,0,29.1985,0,8748.78,0.0,50058.0,0.0
2014-04-12 20:30:00,0.102,0,29.4703,0,8753.19,0.0,50058.0,0.0
2014-04-12 20:35:00,0.1,0,29.248,0,8753.76,0.0,50058.0,0.0
2014-04-12 20:40:00,0.068,0,29.2992,0,8751.68,0.0,50058.0,0.0
2014-04-12 20:45:00,0.102,0,29.2734,0,8754.77,0.0,50058.0,0.0
2014-04-12 20:50:00,0.1,0,29.341,0,8752.13,0.0,50058.0,0.0
2014-04-12 20:55:00,0.068,0,29.2492,0,8747.94,0.0,50058.0,0.0
2014-04-12 21:00:00,0.1,0,29.2215,0,8755.7,0.0,50058.0,0.0
2014-04-12 21:05:00,0.1,0,29.1374,0,8752.02,0.0,50058.0,0.0
2014-04-12 21:10:00,0.1,0,29.4105,0,8746.53,0.0,50058.0,0.0
2014-04-12 21:15:00,0.068,0,29.0888,0,8752.13,0.0,50058.0,0.0
2014-04-12 21:20:00,0.102,0,29.0936,0,8747.4,0.0,50058.0,0.0
2014-04-12 21:25:00,0.1,0,29.4309,0,8741.48,0.0,50058.0,0.0
2014-04-12 21:30:00,0.1,0,29.1852,0,8749.91,0.0,50058.0,0.0
2014-04-12 21:35:00,0.068,0,29.2,0,8750.29,0.0,50058.0,0.0
2014-04-12 21:40:00,0.1,0,29.1539,0,8745.41,0.0,50058.0,0.0
2014-04-12 21:45:00,0.102,0,29.3985,0,8751.96,0.0,50058.0,0.0
2014-04-12 21:50:00,0.068,0,29.1656,0,8749.4,0.0,50058.0,0.0
2014-04-12 21:55:00,0.1,0,29.1807,0,8750.37,0.0,50058.0,0.0
2014-04-12 22:00:00,0.1,0,29.3381,0,8754.73,0.0,50058.0,0.0
2014-04-12 22:05:00,0.066,0,29.3828,0,8749.52,0.0,50058.0,0.0
2014-04-12 22:10:00,0.102,0,29.0574,0,8756.19,0.0,50058.0,0.0
2014-04-12 22:15:00,0.1,0,29.1823,0,8756.04,0.0,50058.0,0.0
2014-04-12 22:20:00,0.068,0,29.5504,0,8749.49,0.0,50058.0,0.0
2014-04-12 22:25:00,0.1,0,29.1413,0,8751.16,0.0,50058.0,0.0
2014-04-12 22:30:00,0.1,0,28.9656,0,8752.86,0.0,50058.0,0.0
2014-04-12 22:35:00,0.102,0,29.3359,0,8747.48,0.0,50058.0,0.0
2014-04-12 22:40:00,0.068,0,29.3753,0,8746.76,0.0,50058.0,0.0
2014-04-12 22:45:00,0.1,0,29.1226,0,8745.71,0.0,50058.0,0.0
2014-04-12 22:50:00,0.102,0,29.0055,0,8745.07,0.0,50058.0,0.0
2014-04-12 22:55:00,0.1,0,29.3498,0,8741.67,0.0,50058.0,0.0
2014-04-12 23:00:00,0.068,0,29.463,0,8741.38,0.0,50058.0,0.0
2014-04-12 23:05:00,0.102,0,28.927,0,8742.0,0.0,50058.0,0.0
2014-04-12 23:10:00,0.102,0,29.2346,0,8744.41,0.0,50058.0,0.0
2014-04-12 23:15:00,0.066,0,29.4584,0,8739.34,0.0,50058.0,0.0
2014-04-12 23:20:00,0.098,0,29.291,0,8743.17,0.0,50058.0,0.0
2014-04-12 23:25:00,0.102,0,29.1434,0,8747.04,0.0,50058.0,0.0
2014-04-12 23:30:00,0.068,0,29.3301,0,8742.55,0.0,50058.0,0.0
2014-04-12 23:35:00,0.1,0,29.2356,0,8743.31,0.0,50058.0,0.0
2014-04-12 23:40:00,0.1,0,29.299,0,8744.51,0.0,50058.0,0.0
2014-04-12 23:45:00,0.1,0,29.2144,0,8747.02,0.0,50058.0,0.0
2014-04-12 23:50:00,0.068,0,29.1893,0,8742.66,0.0,50058.0,0.0
2014-04-12 23:55:00,0.1,0,29.3974,0,8744.67,0.0,50058.0,0.0
2014-04-13 00:00:00,0.102,0,29.0059,0,8746.54,0.0,50058.0,0.0
2014-04-13 00:05:00,0.1,0,29.0696,0,8743.45,0.0,50058.0,0.0
2014-04-13 00:10:00,0.102,0,29.4342,0,8739.84,0.0,50058.0,0.0
2014-04-13 00:15:00,0.068,0,29.0929,0,8744.4,0.0,50058.0,0.0
2014-04-13 00:20:00,0.1,0,29.2601,0,8745.07,0.0,50058.0,0.0
2014-04-13 00:25:00,0.102,0,29.255,0,8737.38,0.0,50058.0,0.0
2014-04-13 00:30:00,0.102,0,29.2018,0,8739.62,0.0,50058.0,0.0
2014-04-13 00:35:00,0.102,0,29.4275,0,8746.37,0.0,50058.0,0.0
2014-04-13 00:40:00,0.066,0,29.3542,0,8743.5,0.0,50058.0,0.0
2014-04-13 00:45:00,0.1,0,29.1912,0,8740.43,0.0,50058.0,0.0
2014-04-13 00:50:00,0.102,0,29.4053,0,8743.55,0.0,50058.0,0.0
2014-04-13 00:55:00,0.068,0,29.4549,0,8749.86,0.0,50058.0,0.0
2014-04-13 01:00:00,0.102,0,29.2363,0,8747.21,0.0,50058.0,0.0
2014-04-13 01:05:00,0.1,0,29.284,0,8742.44,0.0,50058.0,0.0
2014-04-13 01:10:00,0.098,0,29.1283,0,8750.89,0.0,50058.0,0.0
2014-04-13 01:15:00,0.066,0,29.1768,0,8750.98,0.0,50058.0,0.0
2014-04-13 01:20:00,0.1,0,29.493,0,8746.2,0.0,50058.0,0.0
2014-04-13 01:25:00,0.068,0,29.1012,0,8745.75,0.0,50058.0,0.0
2014-04-13 01:30:00,0.1,0,28.9992,0,8747.97,0.0,50058.0,0.0
2014-04-13 01:35:00,0.098,0,29.2708,0,8746.14,0.0,50058.0,0.0
2014-04-13 01:40:00,0.068,0,29.0551,0,8746.64,0.0,50058.0,0.0
2014-04-13 01:45:00,0.1,0,29.1649,0,8745.38,0.0,50058.0,0.0
2014-04-13 01:50:00,0.1,0,29.0926,0,8745.31,0.0,50058.0,0.0
2014-04-13 01:55:00,0.068,0,29.3897,0,8746.53,0.0,50058.0,0.0
2014-04-13 02:00:00,0.102,0,29.1901,0,8742.81,0.0,50058.0,0.0
2014-04-13 02:05:00,0.102,0,29.1717,0,8748.61,0.0,50058.0,0.0
2014-04-13 02:10:00,0.102,0,29.1764,0,8753.03,0.0,50058.0,0.0
2014-04-13 02:15:00,0.068,0,29.3574,0,8747.64,0.0,50058.0,0.0
2014-04-13 02:20:00,0.102,0,29.3163,0,8751.46,0.0,50058.0,0.0
2014-04-13 02:25:00,0.102,0,29.1602,0,8751.37,0.0,50058.0,0.0
2014-04-13 02:30:00,0.068,0,29.5091,0,8751.35,0.0,50058.0,0.0
2014-04-13 02:35:00,0.098,0,29.3182,0,8752.91,0.0,50058.0,0.0
2014-04-13 02:40:00,0.102,0,28.8964,0,8748.05,0.0,50058.0,0.0
2014-04-13 02:45:00,0.102,0,29.5023,0,8745.3,0.0,50058.0,0.0
2014-04-13 02:50:00,0.1,0,29.3363,0,8746.82,0.0,50058.0,0.0
2014-04-13 02:55:00,0.066,0,29.2324,0,8742.33,0.0,50058.0,0.0
2014-04-13 03:00:00,0.1,0,29.3583,0,8737.24,0.0,50058.0,0.0
2014-04-13 03:05:00,0.1,0,29.181,0,8737.47,0.0,50058.0,0.0
2014-04-13 03:10:00,0.068,0,29.1916,0,8736.43,0.0,50058.0,0.0
2014-04-13 03:15:00,0.102,0,29.3438,0,8738.39,0.0,50058.0,0.0
2014-04-13 03:20:00,0.1,0,29.1271,0,8740.17,0.0,50058.0,0.0
2014-04-13 03:25:00,0.102,0,28.9632,0,8733.19,0.0,50058.0,0.0
2014-04-13 03:30:00,0.068,0,29.3642,0,8736.28,0.0,50058.0,0.0
2014-04-13 03:35:00,0.102,0,29.238000000000003,0,8742.13,0.0,50058.0,0.0
2014-04-13 03:40:00,0.102,0,29.1842,0,8740.67,0.0,50058.0,0.0
2014-04-13 03:45:00,0.1,0,29.2415,0,8745.29,0.0,50058.0,0.0
2014-04-13 03:50:00,0.068,0,29.0816,0,8747.38,0.0,50058.0,0.0
2014-04-13 03:55:00,0.102,0,29.2747,0,8750.39,0.0,50058.0,0.0
2014-04-13 04:00:00,0.1,0,29.3571,0,8746.97,0.0,50058.0,0.0
2014-04-13 04:05:00,0.068,0,29.1325,0,8748.55,0.0,50058.0,0.0
2014-04-13 04:10:00,0.102,0,29.352,0,8750.53,0.0,50058.0,0.0
2014-04-13 04:15:00,0.102,0,29.3074,0,8751.72,0.0,50058.0,0.0
2014-04-13 04:20:00,0.068,0,29.3976,0,8749.37,0.0,50058.0,0.0
2014-04-13 04:25:00,0.102,0,29.0968,0,8748.08,0.0,50058.0,0.0
2014-04-13 04:30:00,0.068,0,29.3084,0,8749.66,0.0,50058.0,0.0
2014-04-13 04:35:00,0.1,0,29.4418,0,8743.39,0.0,50058.0,0.0
2014-04-13 04:40:00,0.102,0,29.1602,0,8741.92,0.0,50058.0,0.0
2014-04-13 04:45:00,0.1,0,29.1074,0,8750.83,0.0,50058.0,0.0
2014-04-13 04:50:00,0.068,0,29.3214,0,8744.8,0.0,50058.0,0.0
2014-04-13 04:55:00,0.1,0,29.1793,0,8741.88,0.0,50058.0,0.0
2014-04-13 05:00:00,0.102,0,29.2633,0,8742.22,0.0,50058.0,0.0
2014-04-13 05:05:00,0.068,0,29.0807,0,8739.47,0.0,50058.0,0.0
2014-04-13 05:10:00,0.102,0,29.3438,0,8740.08,0.0,50058.0,0.0
2014-04-13 05:15:00,0.066,0,29.2861,0,8741.43,0.0,50058.0,0.0
2014-04-13 05:20:00,0.102,0,28.9772,0,8739.03,0.0,50058.0,0.0
2014-04-13 05:25:00,0.102,0,29.1779,0,8741.72,0.0,50058.0,0.0
2014-04-13 05:30:00,0.1,0,29.4352,0,8747.72,0.0,50058.0,0.0
2014-04-13 05:35:00,0.066,0,29.2744,0,8745.01,0.0,50058.0,0.0
2014-04-13 05:40:00,0.102,0,29.0826,0,8745.37,0.0,50058.0,0.0
2014-04-13 05:45:00,0.102,0,29.3025,0,8746.87,0.0,50058.0,0.0
2014-04-13 05:50:00,0.102,0,29.2737,0,8746.25,0.0,50058.0,0.0
2014-04-13 05:55:00,0.068,0,29.5063,0,8750.51,0.0,50058.0,0.0
2014-04-13 06:00:00,0.1,0,29.0467,0,8750.32,0.0,50058.0,0.0
2014-04-13 06:05:00,0.102,0,29.1487,0,8747.04,0.0,50058.0,0.0
2014-04-13 06:10:00,0.068,0,29.5789,0,8750.02,0.0,50058.0,0.0
2014-04-13 06:15:00,0.102,0,29.0179,0,8747.96,0.0,50058.0,0.0
2014-04-13 06:20:00,0.102,0,29.0283,0,8745.82,0.0,50058.0,0.0
2014-04-13 06:25:00,0.102,0,29.5261,0,8741.97,0.0,50058.0,0.0
2014-04-13 06:30:00,0.068,0,29.1429,0,8744.96,0.0,50058.0,0.0
2014-04-13 06:35:00,0.102,0,29.1924,0,8743.46,0.0,50058.0,0.0
2014-04-13 06:40:00,0.102,0,29.2915,0,8738.56,0.0,50058.0,0.0
2014-04-13 06:45:00,0.102,0,29.31,0,8740.5,0.0,50058.0,0.0
2014-04-13 06:50:00,0.102,0,29.3081,0,8743.11,0.0,50058.0,0.0
2014-04-13 06:55:00,0.066,0,29.2435,0,8741.37,0.0,50058.0,0.0
2014-04-13 07:00:00,0.102,0,29.1698,0,8743.16,0.0,50058.0,0.0
2014-04-13 07:05:00,0.1,0,29.363000000000003,0,8741.98,0.0,50058.0,0.0
2014-04-13 07:10:00,0.102,0,29.3623,0,8746.29,0.0,50058.0,0.0
2014-04-13 07:15:00,0.102,0,29.0751,0,8743.4,0.0,50058.0,0.0
2014-04-13 07:20:00,0.068,0,29.4213,0,8742.58,0.0,50058.0,0.0
2014-04-13 07:25:00,0.102,0,29.2252,0,8749.62,0.0,50058.0,0.0
2014-04-13 07:30:00,0.102,0,29.2133,0,8751.84,0.0,50058.0,0.0
2014-04-13 07:35:00,0.102,0,29.4415,0,8746.81,0.0,50058.0,0.0
2014-04-13 07:40:00,0.068,0,29.2215,0,8746.71,0.0,50058.0,0.0
2014-04-13 07:45:00,0.102,0,29.2111,0,8751.35,0.0,50058.0,0.0
2014-04-13 07:50:00,0.102,0,29.3651,0,8750.61,0.0,50058.0,0.0
2014-04-13 07:55:00,0.102,0,29.222,0,8749.82,0.0,50058.0,0.0
2014-04-13 08:00:00,0.068,0,29.3339,0,8743.95,0.0,50058.0,0.0
2014-04-13 08:05:00,0.1,0,29.2801,0,8749.45,0.0,50058.0,0.0
2014-04-13 08:10:00,0.102,0,29.2259,0,8751.79,0.0,50058.0,0.0
2014-04-13 08:15:00,0.1,0,29.2775,0,8744.27,0.0,50058.0,0.0
2014-04-13 08:20:00,0.068,0,29.1506,0,8750.5,0.0,50058.0,0.0
2014-04-13 08:25:00,0.102,0,29.0639,0,8756.61,0.0,50058.0,0.0
2014-04-13 08:30:00,0.1,0,29.4349,0,8749.46,0.0,50058.0,0.0
2014-04-13 08:35:00,0.102,0,29.2849,0,8752.61,0.0,50058.0,0.0
2014-04-13 08:40:00,0.068,0,29.1417,0,8754.7,0.0,50058.0,0.0
2014-04-13 08:45:00,0.1,0,29.1694,0,8754.27,0.0,50058.0,0.0
2014-04-13 08:50:00,0.1,0,29.4133,0,8753.25,0.0,50058.0,0.0
2014-04-13 08:55:00,0.102,0,29.1855,0,8751.48,0.0,50058.0,0.0
2014-04-13 09:00:00,0.066,0,29.3958,0,8752.11,0.0,50058.0,0.0
2014-04-13 09:05:00,0.102,0,29.0649,0,8754.68,0.0,50058.0,0.0
2014-04-13 09:10:00,0.1,0,29.4263,0,8752.37,0.0,50058.0,0.0
2014-04-13 09:15:00,0.068,0,29.2318,0,8750.17,0.0,50058.0,0.0
2014-04-13 09:20:00,0.102,0,29.0611,0,8754.17,0.0,50058.0,0.0
2014-04-13 09:25:00,0.1,0,29.2764,0,8750.32,0.0,50058.0,0.0
2014-04-13 09:30:00,0.1,0,29.3111,0,8751.23,0.0,50058.0,0.0
2014-04-13 09:35:00,0.066,0,29.1798,0,8752.56,0.0,50058.0,0.0
2014-04-13 09:40:00,0.102,0,29.1213,0,8747.3,0.0,50058.0,0.0
2014-04-13 09:45:00,0.1,0,29.2537,0,8748.04,0.0,50058.0,0.0
2014-04-13 09:50:00,0.068,0,29.2374,0,8749.11,0.0,50058.0,0.0
2014-04-13 09:55:00,0.102,0,29.2785,0,8746.35,0.0,50058.0,0.0
2014-04-13 10:00:00,0.1,0,29.1062,0,8746.23,0.0,50058.0,0.0
2014-04-13 10:05:00,0.068,0,29.1831,0,8744.0,0.0,50058.0,0.0
2014-04-13 10:10:00,0.1,0,29.1595,0,8743.02,0.0,50058.0,0.0
2014-04-13 10:15:00,0.102,0,29.1859,0,8743.21,0.0,50058.0,0.0
2014-04-13 10:20:00,0.102,0,29.4417,0,8741.28,0.0,50058.0,0.0
2014-04-13 10:25:00,0.068,0,29.1996,0,8743.53,0.0,50058.0,0.0
2014-04-13 10:30:00,0.102,0,28.9403,0,8747.95,0.0,50058.0,0.0
2014-04-13 10:35:00,0.102,0,29.3619,0,8743.02,0.0,50058.0,0.0
2014-04-13 10:40:00,0.066,0,29.4722,0,8740.96,0.0,50058.0,0.0
2014-04-13 10:45:00,0.1,0,29.1415,0,8743.42,0.0,50058.0,0.0
2014-04-13 10:50:00,0.102,0,28.9746,0,8745.19,0.0,50058.0,0.0
2014-04-13 10:55:00,0.102,0,29.4112,0,8740.72,0.0,50058.0,0.0
2014-04-13 11:00:00,0.068,0,29.3462,0,8741.08,0.0,50058.0,0.0
2014-04-13 11:05:00,0.1,0,29.1365,0,8737.2,0.0,50058.0,0.0
2014-04-13 11:10:00,0.1,0,29.155,0,8741.29,0.0,50058.0,0.0
2014-04-13 11:15:00,0.066,0,29.42,0,8735.67,0.0,50058.0,0.0
2014-04-13 11:20:00,0.136,0,29.3002,0,8735.69,0.0,50058.0,0.0
2014-04-13 11:25:00,0.102,0,28.9876,0,8740.0,0.0,50058.0,0.0
2014-04-13 11:30:00,0.068,0,29.3303,0,8739.75,0.0,50058.0,0.0
2014-04-13 11:35:00,0.1,0,29.3149,0,8736.09,0.0,50058.0,0.0
2014-04-13 11:40:00,0.102,0,29.3108,0,8737.46,0.0,50058.0,0.0
2014-04-13 11:45:00,0.102,0,29.3138,0,8741.2,0.0,50058.0,0.0
2014-04-13 11:50:00,0.068,0,29.1668,0,8739.39,0.0,50058.0,0.0
2014-04-13 11:55:00,0.102,0,29.3301,0,8739.55,0.0,50058.0,0.0
2014-04-13 12:00:00,0.102,0,29.1596,0,8739.42,0.0,50058.0,0.0
2014-04-13 12:05:00,0.102,0,29.305,0,8741.29,0.0,50058.0,0.0
2014-04-13 12:10:00,0.068,0,29.4061,0,8742.93,0.0,50058.0,0.0
2014-04-13 12:15:00,0.1,0,29.2541,0,8745.43,0.0,50058.0,0.0
2014-04-13 12:20:00,0.102,0,29.3045,0,8747.89,0.0,50058.0,0.0
2014-04-13 12:25:00,0.1,0,29.125,0,8742.18,0.0,50058.0,0.0
2014-04-13 12:30:00,0.068,0,29.3461,0,8743.58,0.0,50058.0,0.0
2014-04-13 12:35:00,0.102,0,29.261,0,8751.89,0.0,50058.0,0.0
2014-04-13 12:40:00,0.1,0,29.2622,0,8748.51,0.0,50058.0,0.0
2014-04-13 12:45:00,0.102,0,29.1901,0,8743.38,0.0,50058.0,0.0
2014-04-13 12:50:00,0.068,0,29.3024,0,8746.32,0.0,50058.0,0.0
2014-04-13 12:55:00,0.1,0,29.1107,0,8753.59,0.0,50058.0,0.0
2014-04-13 13:00:00,0.102,0,29.1732,0,8749.23,0.0,50058.0,0.0
2014-04-13 13:05:00,0.102,0,29.3657,0,8747.02,0.0,50058.0,0.0
2014-04-13 13:10:00,0.066,0,29.1917,0,8750.08,0.0,50058.0,0.0
2014-04-13 13:15:00,0.1,0,29.0942,0,8751.94,0.0,50058.0,0.0
2014-04-13 13:20:00,0.1,0,29.5409,0,8748.8,0.0,50058.0,0.0
2014-04-13 13:25:00,0.068,0,29.1225,0,8748.0,0.0,50058.0,0.0
2014-04-13 13:30:00,0.1,0,29.314,0,8753.98,0.0,50058.0,0.0
2014-04-13 13:35:00,0.1,0,29.2707,0,8752.49,0.0,50058.0,0.0
2014-04-13 13:40:00,0.102,0,29.2664,0,8751.38,0.0,50058.0,0.0
2014-04-13 13:45:00,0.066,0,29.2802,0,8750.35,0.0,50058.0,0.0
2014-04-13 13:50:00,0.102,0,29.1777,0,8748.37,0.0,50058.0,0.0
2014-04-13 13:55:00,0.102,0,29.2971,0,8750.75,0.0,50058.0,0.0
2014-04-13 14:00:00,0.1,0,29.2417,0,8749.17,0.0,50058.0,0.0
2014-04-13 14:05:00,0.098,0,29.193,0,8751.78,0.0,50058.0,0.0
2014-04-13 14:10:00,0.102,0,29.1313,0,8749.93,0.0,50058.0,0.0
2014-04-13 14:15:00,0.1,0,29.3489,0,8746.15,0.0,50058.0,0.0
2014-04-13 14:20:00,0.066,0,29.0931,0,8746.19,0.0,50058.0,0.0
2014-04-13 14:25:00,0.1,0,29.2524,0,8744.77,0.0,50058.0,0.0
2014-04-13 14:30:00,0.102,0,29.5406,0,8746.98,0.0,50058.0,0.0
2014-04-13 14:35:00,0.102,0,29.1571,0,8744.89,0.0,50058.0,0.0
2014-04-13 14:40:00,0.068,0,29.0648,0,8744.73,0.0,50058.0,0.0
2014-04-13 14:45:00,0.102,0,29.3306,0,8744.38,0.0,50058.0,0.0
2014-04-13 14:50:00,0.102,0,29.4961,0,8745.06,0.0,50058.0,0.0
2014-04-13 14:55:00,0.068,0,29.2692,0,8744.04,0.0,50058.0,0.0
2014-04-13 15:00:00,0.1,0,29.1261,0,8747.83,0.0,50058.0,0.0
2014-04-13 15:05:00,0.102,0,29.229,0,8750.07,0.0,50058.0,0.0
2014-04-13 15:10:00,0.102,0,29.3059,0,8746.65,0.0,50058.0,0.0
2014-04-13 15:15:00,0.068,0,29.1577,0,8748.37,0.0,50058.0,0.0
2014-04-13 15:20:00,0.1,0,28.9852,0,8752.49,0.0,50058.0,0.0
2014-04-13 15:25:00,0.1,0,29.3275,0,8744.54,0.0,50058.0,0.0
2014-04-13 15:30:00,0.066,0,29.4055,0,8747.64,0.0,50058.0,0.0
2014-04-13 15:35:00,0.1,0,28.9114,0,8746.23,0.0,50058.0,0.0
2014-04-13 15:40:00,0.102,0,28.9591,0,8745.55,0.0,50058.0,0.0
2014-04-13 15:45:00,0.068,0,29.4212,0,8743.8,0.0,50058.0,0.0
2014-04-13 15:50:00,0.102,0,29.2869,0,8742.72,0.0,50058.0,0.0
2014-04-13 15:55:00,0.1,0,29.0806,0,8744.22,0.0,50058.0,0.0
2014-04-13 16:00:00,0.1,0,29.3006,0,8742.58,0.0,50058.0,0.0
2014-04-13 16:05:00,0.068,0,29.4598,0,8742.32,0.0,50058.0,0.0
2014-04-13 16:10:00,0.1,0,29.184,0,8743.59,0.0,50058.0,0.0
2014-04-13 16:15:00,0.102,0,29.2513,0,8746.34,0.0,50058.0,0.0
2014-04-13 16:20:00,0.1,0,29.2862,0,8742.92,0.0,50058.0,0.0
2014-04-13 16:25:00,0.068,0,29.4859,0,8746.68,0.0,50058.0,0.0
2014-04-13 16:30:00,0.1,0,29.0393,0,8746.91,0.0,50058.0,0.0
2014-04-13 16:35:00,0.102,0,29.2135,0,8739.71,0.0,50058.0,0.0
2014-04-13 16:40:00,0.1,0,29.2783,0,8740.93,0.0,50058.0,0.0
2014-04-13 16:45:00,0.068,0,29.335,0,8745.42,0.0,50058.0,0.0
2014-04-13 16:50:00,0.1,0,29.0915,0,8743.55,0.0,50058.0,0.0
2014-04-13 16:55:00,0.1,0,29.1923,0,8736.45,0.0,50058.0,0.0
2014-04-13 17:00:00,0.1,0,29.2975,0,8735.48,0.0,50058.0,0.0
2014-04-13 17:05:00,0.1,0,29.1561,0,8738.17,0.0,50058.0,0.0
2014-04-13 17:10:00,0.068,0,29.2696,0,8738.35,0.0,50058.0,0.0
2014-04-13 17:15:00,0.102,0,29.3204,0,8735.8,0.0,50058.0,0.0
2014-04-13 17:20:00,0.1,0,29.2995,0,8737.74,0.0,50058.0,0.0
2014-04-13 17:25:00,0.068,0,29.188,0,8744.16,0.0,50058.0,0.0
2014-04-13 17:30:00,0.102,0,29.0947,0,8741.38,0.0,50058.0,0.0
2014-04-13 17:35:00,0.1,0,29.3629,0,8737.23,0.0,50058.0,0.0
2014-04-13 17:40:00,0.102,0,29.123,0,8745.44,0.0,50058.0,0.0
2014-04-13 17:45:00,0.068,0,29.2066,0,8751.85,0.0,50058.0,0.0
2014-04-13 17:50:00,0.1,0,29.2986,0,8747.78,0.0,50058.0,0.0
2014-04-13 17:55:00,0.1,0,29.2623,0,8746.89,0.0,50058.0,0.0
2014-04-13 18:00:00,0.102,0,29.1707,0,8751.13,0.0,50058.0,0.0
2014-04-13 18:05:00,0.066,0,29.2499,0,8749.2,0.0,50058.0,0.0
2014-04-13 18:10:00,0.1,0,29.1823,0,8744.0,0.0,50058.0,0.0
2014-04-13 18:15:00,0.1,0,29.3173,0,8745.47,0.0,50058.0,0.0
2014-04-13 18:20:00,0.102,0,29.2525,0,8745.34,0.0,50058.0,0.0
2014-04-13 18:25:00,0.068,0,29.3079,0,8743.58,0.0,50058.0,0.0
2014-04-13 18:30:00,0.1,0,29.292,0,8737.61,0.0,50058.0,0.0
2014-04-13 18:35:00,0.1,0,29.1896,0,8742.66,0.0,50058.0,0.0
2014-04-13 18:40:00,0.1,0,29.1257,0,8743.46,0.0,50058.0,0.0
2014-04-13 18:45:00,0.068,0,29.5231,0,8741.78,0.0,50058.0,0.0
2014-04-13 18:50:00,0.1,0,29.1935,0,8739.7,0.0,50058.0,0.0
2014-04-13 18:55:00,0.102,0,29.0809,0,8743.56,0.0,50058.0,0.0
2014-04-13 19:00:00,0.102,0,29.3262,0,8744.89,0.0,50058.0,0.0
2014-04-13 19:05:00,0.068,0,29.4585,0,8743.75,0.0,50058.0,0.0
2014-04-13 19:10:00,0.1,0,29.028,0,8745.52,0.0,50058.0,0.0
2014-04-13 19:15:00,0.1,0,29.265,0,8745.13,0.0,50058.0,0.0
2014-04-13 19:20:00,1.082,0,29.086,0,8522.33,0.0,50058.0,0.0
2014-04-13 19:25:00,6.666,0,29.4341,0,6871.44,0.0,50058.0,0.0
2014-04-13 19:30:00,0.068,0,30.6542,0,6874.56,0.0,50058.0,0.0
2014-04-13 19:35:00,0.102,0,31.0719,0,6888.24,0.0,50058.0,0.0
2014-04-13 19:40:00,0.1,0,30.9581,0,6903.76,0.0,50058.0,0.0
2014-04-13 19:45:00,0.1,0,31.2152,0,6935.05,0.0,50058.0,0.0
2014-04-13 19:50:00,0.068,0,31.8778,0,6971.63,0.0,50058.0,0.0
2014-04-13 19:55:00,0.6679999999999999,0,29.9963,0,7014.67,0.0,50058.0,0.0
2014-04-13 20:00:00,7.5,0,29.8395,0,6885.5,0.0,50058.0,0.0
2014-04-13 20:05:00,0.1,0,30.5423,0,6902.63,0.0,50058.0,0.0
2014-04-13 20:10:00,8.22,0,30.6917,0,6904.48,0.0,50058.0,0.0
2014-04-13 20:15:00,0.102,0,31.3511,0,6923.25,0.0,50058.0,0.0
2014-04-13 20:20:00,41.048,0,29.955,0,4226.33,0.0,50058.0,0.0
2014-04-13 20:25:00,97.27,0,29.8038,0,4262.95,0.0,50058.0,0.0
2014-04-13 20:30:00,83.47399999999998,0,30.2076,0,4341.43,0.0,50058.0,0.0
2014-04-13 20:35:00,76.666,0,30.7661,0,4454.33,0.0,50058.0,0.0
2014-04-13 20:40:00,99.534,0,30.8044,0,4621.78,0.0,50058.0,0.0
2014-04-13 20:45:00,99.704,0,31.279,0,4846.15,0.0,50058.0,0.0
2014-04-13 20:50:00,74.34,0,31.7165,0,5110.32,0.0,50058.0,0.0
2014-04-13 20:55:00,2.6260000000000003,0,31.9557,0,5383.83,0.0,50058.0,0.0
2014-04-13 21:00:00,0.098,0,31.8176,0,5674.63,0.0,50058.0,0.0
2014-04-13 21:05:00,0.098,0,31.7639,0,5992.75,0.0,50058.0,0.0
2014-04-13 21:10:00,0.102,1,31.8128,0,6332.96,0.0,50058.0,0.0
2014-04-13 21:15:00,0.462,1,31.7387,0,6682.28,0.0,50058.0,0.0
2014-04-13 21:20:00,8.202,1,31.3956,0,7013.78,0.0,50058.0,0.0
2014-04-13 21:25:00,0.1,1,31.2678,0,7165.96,0.0,50058.0,0.0
2014-04-13 21:30:00,0.068,1,30.6025,0,7577.08,0.0,50058.0,0.0
2014-04-13 21:35:00,0.1,1,30.37,0,8036.54,0.0,50058.0,0.0
2014-04-13 21:40:00,0.1,1,29.8289,0,8526.48,0.0,50058.0,0.0
2014-04-13 21:45:00,0.068,1,28.8614,0,9033.46,0.0,50058.0,0.0
2014-04-13 21:50:00,89.96600000000002,1,27.6646,0,9598.95,0.0,50058.0,0.0
2014-04-13 21:55:00,94.52,1,27.5686,0,10220.7,0.0,50058.0,0.0
2014-04-13 22:00:00,76.734,1,27.8432,0,10644.8,0.0,50058.0,0.0
2014-04-13 22:05:00,89.912,1,28.2988,0,11323.2,0.0,50058.0,0.0
2014-04-13 22:10:00,99.672,1,28.8993,0,11868.4,0.0,50058.0,0.0
2014-04-13 22:15:00,87.89200000000002,1,29.7335,0,12677.0,0.0,50058.0,0.0
2014-04-13 22:20:00,38.976,1,30.4352,0,29864.8,0.0,50058.0,0.0
2014-04-13 22:25:00,0.102,1,31.0893,0,25891.0,0.0,50058.0,0.0
2014-04-13 22:30:00,0.066,1,31.6482,0,22584.5,0.0,50058.0,0.0
2014-04-13 22:35:00,0.098,1,32.5932,0,19659.5,0.0,50058.0,0.0
2014-04-13 22:40:00,0.1,1,32.5445,0,15979.9,0.0,50058.0,0.0
2014-04-13 22:45:00,0.068,1,32.5108,0,12418.7,0.0,50058.0,0.0
2014-04-13 22:50:00,0.102,1,32.5026,0,9906.47,0.0,50058.0,0.0
2014-04-13 22:55:00,0.068,1,31.6352,0,10014.2,0.0,50058.0,0.0
2014-04-13 23:00:00,0.102,1,30.7614,0,10240.8,0.0,50058.0,0.0
2014-04-13 23:05:00,0.102,1,29.9624,0,10487.7,0.0,50058.0,0.0
2014-04-13 23:10:00,0.068,1,28.9474,0,10755.9,0.0,50058.0,0.0
2014-04-13 23:15:00,0.1,1,27.738000000000003,0,11035.9,0.0,50058.0,0.0
2014-04-13 23:20:00,0.066,1,26.3559,0,11102.9,0.0,50058.0,0.0
2014-04-13 23:25:00,0.1,1,25.6506,0,11423.4,0.0,50058.0,0.0
2014-04-13 23:30:00,0.102,1,26.1581,0,11759.8,0.0,50058.0,0.0
2014-04-13 23:35:00,0.102,1,26.7629,0,12097.0,0.0,50058.0,0.0
2014-04-13 23:40:00,8.187999999999999,1,26.7736,0,12438.7,0.0,50058.0,0.0
2014-04-13 23:45:00,0.102,1,27.5863,0,12785.9,0.0,50058.0,0.0
2014-04-13 23:50:00,8.334,1,29.0576,0,12150.8,0.0,50058.0,0.0
2014-04-13 23:55:00,0.102,1,30.0537,0,11339.7,0.0,50058.0,0.0
2014-04-14 00:00:00,0.102,1,31.2683,0,10934.0,0.0,50058.0,0.0
2014-04-14 00:05:00,1.25,1,31.8423,0,10186.6,0.0,50058.0,0.0
2014-04-14 00:10:00,15.35,1,31.8153,0,10936.6,0.0,50058.0,0.0
2014-04-14 00:15:00,9.678,1,32.3778,0,6833.23,0.0,50058.0,0.0
2014-04-14 00:20:00,0.066,1,32.0916,0,5065.75,0.0,50058.0,0.0
2014-04-14 00:25:00,0.1,1,31.448,0,5086.65,0.0,50058.0,0.0
2014-04-14 00:30:00,0.1,1,30.6426,0,5109.14,0.0,50058.0,0.0
2014-04-14 00:35:00,0.068,1,29.8664,0,5131.19,0.0,50058.0,0.0
2014-04-14 00:40:00,0.1,1,29.187,0,5143.1,0.0,50058.0,0.0
2014-04-14 00:45:00,21.71,1,28.0209,0,3812.02,0.0,50058.0,0.0
2014-04-14 00:50:00,64.712,1,26.7768,0,3765.85,0.0,50058.0,0.0
2014-04-14 00:55:00,0.1,1,27.3958,0,3737.43,0.0,50058.0,0.0
2014-04-14 01:00:00,0.098,1,28.3902,0,3745.74,0.0,50058.0,0.0
2014-04-14 01:05:00,0.1,1,28.2455,0,3794.36,0.0,50058.0,0.0
2014-04-14 01:10:00,0.068,1,28.4094,0,3883.65,0.0,50058.0,0.0
2014-04-14 01:15:00,0.1,1,29.0845,0,4017.09,0.0,50058.0,0.0
2014-04-14 01:20:00,0.102,1,29.3528,0,4204.01,0.0,50058.0,0.0
2014-04-14 01:25:00,0.098,1,30.0534,0,4447.41,0.0,50058.0,0.0
2014-04-14 01:30:00,0.1,1,29.6369,0,4733.77,0.0,50058.0,0.0
2014-04-14 01:35:00,0.068,1,30.3633,0,5033.18,0.0,50058.0,0.0
2014-04-14 01:40:00,0.268,1,31.0313,0,5044.03,0.0,50058.0,0.0
2014-04-14 01:45:00,0.102,1,30.8604,0,5379.78,0.0,50058.0,0.0
2014-04-14 01:50:00,0.068,1,29.9129,0,5432.91,0.0,50058.0,0.0
2014-04-14 01:55:00,0.136,1,28.6921,0,5761.39,0.0,50058.0,0.0
2014-04-14 02:00:00,0.068,1,29.232,0,6086.35,0.0,50058.0,0.0
2014-04-14 02:05:00,0.1,0,32.7854,0,6365.09,0.0,50058.0,0.0
2014-04-14 02:10:00,0.1,0,32.6559,0,6216.76,0.0,50058.0,0.0
2014-04-14 02:15:00,0.102,0,34.0252,0,6277.04,0.0,50058.0,0.0
2014-04-14 02:20:00,0.102,0,34.4735,0,6635.5,0.0,50058.0,0.0
2014-04-14 02:25:00,0.068,0,33.9016,0,7023.97,0.0,50058.0,0.0
2014-04-14 02:30:00,0.102,0,33.734,0,7452.04,0.0,50058.0,0.0
2014-04-14 02:35:00,0.102,0,34.3564,0,7925.07,0.0,50058.0,0.0
2014-04-14 02:40:00,0.1,0,35.2749,0,8442.11,0.0,50058.0,0.0
2014-04-14 02:45:00,0.1,0,34.8557,0,9005.64,0.0,50058.0,0.0
2014-04-14 02:50:00,0.068,0,34.7918,0,8858.95,0.0,50058.0,0.0
2014-04-14 02:55:00,0.1,0,35.1236,0,8967.12,0.0,50058.0,0.0
2014-04-14 03:00:00,0.1,0,34.1026,0,9068.5,0.0,50058.0,0.0
2014-04-14 03:05:00,0.102,0,33.311,0,9151.92,0.0,50058.0,0.0
2014-04-14 03:10:00,0.066,0,33.6797,0,9245.15,0.0,50058.0,0.0
2014-04-14 03:15:00,0.102,0,36.6906,0,9339.02,0.0,50058.0,0.0
2014-04-14 03:20:00,0.102,0,40.4736,0,9424.5,0.0,50058.0,0.0
2014-04-14 03:25:00,0.102,0,39.0445,0,9515.04,0.0,50058.0,0.0
2014-04-14 03:30:00,0.1,0,38.1704,0,9597.97,0.0,50058.0,0.0
2014-04-14 03:35:00,0.068,0,38.9756,0,9700.53,0.0,50058.0,0.0
2014-04-14 03:40:00,0.102,0,39.1168,0,9796.14,0.0,50058.0,0.0
2014-04-14 03:45:00,0.102,0,35.1999,0,9879.81,0.0,50058.0,0.0
2014-04-14 03:50:00,0.068,0,30.7494,0,9971.11,0.0,50058.0,0.0
2014-04-14 03:55:00,0.1,0,31.8574,0,10087.7,0.0,50058.0,0.0
2014-04-14 04:00:00,0.1,0,32.472,0,10235.0,0.0,50058.0,0.0
2014-04-14 04:05:00,0.068,0,32.581,0,10373.4,0.0,50058.0,0.0
2014-04-14 04:10:00,0.1,0,40.1056,0,10426.4,0.0,50058.0,0.0
2014-04-14 04:15:00,0.102,0,39.7706,0,10489.9,0.0,50058.0,0.0
2014-04-14 04:20:00,0.102,0,39.1335,0,10526.3,0.0,50058.0,0.0
2014-04-14 04:25:00,0.068,0,39.348,0,10555.9,0.0,50058.0,0.0
2014-04-14 04:30:00,0.1,0,39.6129,0,10605.4,0.0,50058.0,0.0
2014-04-14 04:35:00,0.102,0,39.1369,0,10664.8,0.0,50058.0,0.0
2014-04-14 04:40:00,0.102,0,37.9081,0,10714.0,0.0,50058.0,0.0
2014-04-14 04:45:00,0.068,0,38.2359,0,10743.8,0.0,50058.0,0.0
2014-04-14 04:50:00,0.1,0,38.3234,0,10786.2,0.0,50058.0,0.0
2014-04-14 04:55:00,0.1,0,37.9638,0,10834.5,0.0,50058.0,0.0
2014-04-14 05:00:00,0.1,0,38.7506,0,10877.7,0.0,50058.0,0.0
2014-04-14 05:05:00,0.068,0,38.8838,0,10950.1,0.0,50058.0,0.0
2014-04-14 05:10:00,0.1,0,38.8105,0,11046.2,0.0,50058.0,0.0
2014-04-14 05:15:00,0.1,0,38.5451,0,11139.4,0.0,50058.0,0.0
2014-04-14 05:20:00,0.1,0,38.4387,0,11162.2,0.0,50058.0,0.0
2014-04-14 05:25:00,27.31,0,34.385,0,3002.7,0.0,50058.0,0.0
2014-04-14 05:30:00,0.068,0,32.2717,0,2984.65,0.0,50058.0,0.0
2014-04-14 05:35:00,0.1,0,32.1107,0,3010.46,0.0,50058.0,0.0
2014-04-14 05:40:00,3.966,0,32.9398,0,3031.97,0.0,50058.0,0.0
2014-04-14 05:45:00,23.5,0,33.7588,0,3047.82,0.0,50058.0,0.0
2014-04-14 05:50:00,23.848000000000006,0,33.9887,0,3161.25,0.0,50058.0,0.0
2014-04-14 05:55:00,3.488,0,33.3688,0,3407.29,0.0,50058.0,0.0
2014-04-14 06:00:00,5.796,0,33.0069,0,3649.86,0.0,50058.0,0.0
2014-04-14 06:05:00,21.934,0,33.2305,0,3884.97,0.0,50058.0,0.0
2014-04-14 06:10:00,27.586,0,34.0786,0,5355.46,0.0,50058.0,0.0
2014-04-14 06:15:00,0.102,0,33.5968,0,5292.13,0.0,50058.0,0.0
2014-04-14 06:20:00,0.066,0,33.6977,0,5258.28,0.0,50058.0,0.0
2014-04-14 06:25:00,27.138,0,33.9825,0,5236.2,0.0,50058.0,0.0
2014-04-14 06:30:00,27.168000000000006,0,33.6071,0,5202.84,0.0,50058.0,0.0
2014-04-14 06:35:00,0.1,0,33.5613,0,5184.63,0.0,50058.0,0.0
2014-04-14 06:40:00,27.686,0,34.3734,0,7513.72,0.0,50058.0,0.0
2014-04-14 06:45:00,26.166,0,33.3003,0,7446.36,0.0,50058.0,0.0
2014-04-14 06:50:00,14.05,0,33.1508,0,7378.53,0.0,50058.0,0.0
2014-04-14 06:55:00,14.502,0,34.0414,0,7316.71,0.0,50058.0,0.0
2014-04-14 07:00:00,0.068,0,33.7879,0,7287.32,0.0,50058.0,0.0
2014-04-14 07:05:00,24.828000000000007,0,33.6728,0,7238.31,0.0,50058.0,0.0
2014-04-14 07:10:00,2.678,0,33.4138,0,7204.73,0.0,50058.0,0.0
2014-04-14 07:15:00,0.068,0,33.8615,0,7195.23,0.0,50058.0,0.0
2014-04-14 07:20:00,0.1,0,33.5813,0,7215.1,0.0,50058.0,0.0
2014-04-14 07:25:00,0.1,0,33.5597,0,6280.79,0.0,50058.0,0.0
2014-04-14 07:30:00,0.1,0,33.4555,0,6451.32,0.0,50058.0,0.0
2014-04-14 07:35:00,0.066,0,33.5812,0,6700.34,0.0,50058.0,0.0
2014-04-14 07:40:00,0.102,0,33.4713,0,6854.81,0.0,50058.0,0.0
2014-04-14 07:45:00,0.1,0,32.8449,0,6396.37,0.0,50058.0,0.0
2014-04-14 07:50:00,0.068,0,33.8564,0,5957.69,0.0,50058.0,0.0
2014-04-14 07:55:00,0.102,0,35.6195,0,6175.6,0.0,50058.0,0.0
2014-04-14 08:00:00,41.45,0,35.0826,0,11153.0,0.0,50058.0,0.0
2014-04-14 08:05:00,0.1,0,33.8418,0,10132.5,0.0,50058.0,0.0
2014-04-14 08:10:00,0.134,0,35.1583,0,8904.73,0.0,50058.0,0.0
2014-04-14 08:15:00,0.102,0,37.4328,0,8989.41,0.0,50058.0,0.0
2014-04-14 08:20:00,0.068,0,37.1366,0,9093.71,0.0,50058.0,0.0
2014-04-14 08:25:00,0.102,0,35.442,0,8065.7,0.0,50058.0,0.0
2014-04-14 08:30:00,0.1,0,37.6696,0,7098.27,0.0,50058.0,0.0
2014-04-14 08:35:00,0.102,0,39.0032,0,7288.51,0.0,50058.0,0.0
2014-04-14 08:40:00,0.066,0,38.3435,0,6405.37,0.0,50058.0,0.0
2014-04-14 08:45:00,0.1,0,36.8554,0,5659.84,0.0,50058.0,0.0
2014-04-14 08:50:00,0.102,0,36.2761,0,5403.74,0.0,50058.0,0.0
2014-04-14 08:55:00,0.102,0,38.6153,0,5169.25,0.0,50058.0,0.0
2014-04-14 09:00:00,0.068,0,38.9954,0,5521.4,0.0,50058.0,0.0
2014-04-14 09:05:00,0.102,0,37.052,0,5032.17,0.0,50058.0,0.0
2014-04-14 09:10:00,0.102,0,38.1988,0,5347.27,0.0,50058.0,0.0
2014-04-14 09:15:00,0.102,0,40.5052,0,5775.03,0.0,50058.0,0.0
2014-04-14 09:20:00,0.064,0,39.7027,0,6245.43,0.0,50058.0,0.0
2014-04-14 09:25:00,0.236,0,38.6175,0,6740.8,0.0,50058.0,0.0
2014-04-14 09:30:00,0.068,0,38.5779,0,7266.41,0.0,50058.0,0.0
2014-04-14 09:35:00,0.102,0,39.852,0,7821.09,0.0,50058.0,0.0
2014-04-14 09:40:00,27.5,0,37.5791,0,4447.37,0.0,50058.0,0.0
2014-04-14 09:45:00,0.1,0,35.0242,0,4559.02,0.0,50058.0,0.0
2014-04-14 09:50:00,0.068,0,34.6034,0,4716.88,0.0,50058.0,0.0
2014-04-14 09:55:00,0.102,0,34.1495,0,4877.15,0.0,50058.0,0.0
2014-04-14 10:00:00,0.102,0,34.222,0,3201.83,0.0,50058.0,0.0
2014-04-14 10:05:00,0.102,0,33.2497,0,3385.43,0.0,50058.0,0.0
2014-04-14 10:10:00,27.512,0,33.6712,0,3893.03,0.0,50058.0,0.0
2014-04-14 10:15:00,0.102,0,32.0746,0,3962.62,0.0,50058.0,0.0
2014-04-14 10:20:00,0.068,0,32.3474,0,4001.38,0.0,50058.0,0.0
2014-04-14 10:25:00,0.1,0,34.7321,0,4068.41,0.0,50058.0,0.0
2014-04-14 10:30:00,0.068,0,37.7531,0,4203.03,0.0,50058.0,0.0
2014-04-14 10:35:00,0.3720000000000001,0,37.4437,0,4311.42,0.0,50058.0,0.0
2014-04-14 10:40:00,27.5,0,37.2039,0,4862.25,0.0,50058.0,0.0
2014-04-14 10:45:00,0.1,0,35.7675,0,4842.0,0.0,50058.0,0.0
2014-04-14 10:50:00,0.102,0,35.9886,0,4883.79,0.0,50058.0,0.0
2014-04-14 10:55:00,19.146,0,35.5614,0,4947.66,0.0,50058.0,0.0
2014-04-14 11:00:00,8.334,0,31.4652,0,4973.09,0.0,50058.0,0.0
2014-04-14 11:05:00,27.766,0,33.3459,0,6384.24,0.0,50058.0,0.0
2014-04-14 11:10:00,0.1,0,33.4131,0,6379.5,0.0,50058.0,0.0
2014-04-14 11:15:00,0.102,0,32.7373,0,6370.22,0.0,50058.0,0.0
2014-04-14 11:20:00,0.098,0,32.7966,0,6327.29,0.0,50058.0,0.0
2014-04-14 11:25:00,0.1,0,33.6975,0,6316.89,0.0,50058.0,0.0
2014-04-14 11:30:00,0.066,0,33.4883,0,6362.76,0.0,50058.0,0.0
2014-04-14 11:35:00,0.102,0,33.4975,0,6430.8,0.0,50058.0,0.0
2014-04-14 11:40:00,0.102,0,33.6482,0,5366.36,0.0,50058.0,0.0
2014-04-14 11:45:00,0.102,0,33.0825,0,5503.7,0.0,50058.0,0.0
2014-04-14 11:50:00,0.1,0,32.9654,0,5729.43,0.0,50058.0,0.0
2014-04-14 11:55:00,0.068,0,32.7462,0,5990.09,0.0,50058.0,0.0
2014-04-14 12:00:00,0.1,0,32.7656,0,6288.02,0.0,50058.0,0.0
2014-04-14 12:05:00,0.102,0,33.9355,0,6610.51,0.0,50058.0,0.0
2014-04-14 12:10:00,0.102,0,36.1602,0,6025.44,0.0,50058.0,0.0
2014-04-14 12:15:00,0.102,0,35.6667,0,6419.86,0.0,50058.0,0.0
2014-04-14 12:20:00,0.068,0,34.6479,0,6885.11,0.0,50058.0,0.0
2014-04-14 12:25:00,0.1,0,34.1801,0,7372.82,0.0,50058.0,0.0
2014-04-14 12:30:00,0.1,0,35.8752,0,7831.51,0.0,50058.0,0.0
2014-04-14 12:35:00,0.1,0,35.4859,0,8234.43,0.0,50058.0,0.0
2014-04-14 12:40:00,20.032,0,35.8161,0,6724.28,0.0,50058.0,0.0
2014-04-14 12:45:00,7.6320000000000014,0,35.5019,0,6657.82,0.0,50058.0,0.0
2014-04-14 12:50:00,0.1,0,34.1638,0,6645.51,0.0,50058.0,0.0
2014-04-14 12:55:00,0.098,0,34.5952,0,5789.12,0.0,50058.0,0.0
2014-04-14 13:00:00,12.814,0,36.1611,0,5444.12,0.0,50058.0,0.0
2014-04-14 13:05:00,14.862,0,36.383,0,4380.04,0.0,50058.0,0.0
2014-04-14 13:10:00,0.102,0,35.7501,0,4483.54,0.0,50058.0,0.0
2014-04-14 13:15:00,0.1,0,35.1446,0,4607.7,0.0,50058.0,0.0
2014-04-14 13:20:00,0.1,0,35.0415,0,4770.69,0.0,50058.0,0.0
2014-04-14 13:25:00,0.066,0,37.8971,0,4954.49,0.0,50058.0,0.0
2014-04-14 13:30:00,0.1,0,40.981,0,5142.19,0.0,50058.0,0.0
2014-04-14 13:35:00,0.102,0,41.2757,0,5361.06,0.0,50058.0,0.0
2014-04-14 13:40:00,0.102,0,37.5034,0,5607.52,0.0,50058.0,0.0
2014-04-14 13:45:00,0.068,0,37.344,0,5874.29,0.0,50058.0,0.0
2014-04-14 13:50:00,0.1,0,37.3662,0,6179.0,0.0,50058.0,0.0
2014-04-14 13:55:00,0.1,0,35.9445,0,6512.01,0.0,50058.0,0.0
2014-04-14 14:00:00,0.068,0,34.0653,0,6872.49,0.0,50058.0,0.0
2014-04-14 14:05:00,0.102,0,31.4431,0,7253.76,0.0,50058.0,0.0
2014-04-14 14:10:00,0.098,0,32.3221,0,7624.51,0.0,50058.0,0.0
2014-04-14 14:15:00,20.688,0,33.696,0,6840.4,0.0,50058.0,0.0
2014-04-14 14:20:00,7.2,0,32.6981,0,6853.27,0.0,50058.0,0.0
2014-04-14 14:25:00,0.064,0,31.9627,0,6907.87,0.0,50058.0,0.0
2014-04-14 14:30:00,0.102,0,33.0493,0,6992.16,0.0,50058.0,0.0
2014-04-14 14:35:00,0.1,0,32.903,0,7053.64,0.0,50058.0,0.0
2014-04-14 14:40:00,27.284,0,34.3902,0,5025.22,0.0,50058.0,0.0
2014-04-14 14:45:00,0.1,0,33.8987,0,4681.7,0.0,50058.0,0.0
2014-04-14 14:50:00,0.102,0,33.1416,0,4725.4,0.0,50058.0,0.0
2014-04-14 14:55:00,0.1,0,32.2228,0,4827.57,0.0,50058.0,0.0
2014-04-14 15:00:00,25.562,0,33.5899,0,5578.25,0.0,50058.0,0.0
2014-04-14 15:05:00,2.07,0,34.6382,0,4875.38,0.0,50058.0,0.0
2014-04-14 15:10:00,0.102,0,36.7868,0,4884.72,0.0,50058.0,0.0
2014-04-14 15:15:00,0.068,0,36.179,0,4935.97,0.0,50058.0,0.0
2014-04-14 15:20:00,0.102,0,34.6887,0,5028.34,0.0,50058.0,0.0
2014-04-14 15:25:00,0.102,0,36.5096,0,5149.86,0.0,50058.0,0.0
2014-04-14 15:30:00,0.098,0,39.1347,0,5225.56,0.0,50058.0,0.0
2014-04-14 15:35:00,0.102,0,38.4352,0,5250.88,0.0,50058.0,0.0
2014-04-14 15:40:00,0.068,0,35.1639,0,5291.88,0.0,50058.0,0.0
2014-04-14 15:45:00,0.1,0,34.7693,0,5447.97,0.0,50058.0,0.0
2014-04-14 15:50:00,0.1,0,35.6391,0,5629.62,0.0,50058.0,0.0
2014-04-14 15:55:00,0.1,0,35.5976,0,5834.57,0.0,50058.0,0.0
2014-04-14 16:00:00,0.102,0,33.0312,0,6100.01,0.0,50058.0,0.0
2014-04-14 16:05:00,0.1,0,32.0475,0,6433.85,0.0,50058.0,0.0
2014-04-14 16:10:00,0.1,0,32.5314,0,6856.94,0.0,50058.0,0.0
2014-04-14 16:15:00,0.068,0,33.0943,0,6605.25,0.0,50058.0,0.0
2014-04-14 16:20:00,0.1,0,32.6941,0,6797.76,0.0,50058.0,0.0
2014-04-14 16:25:00,0.1,0,32.7408,0,7268.1,0.0,50058.0,0.0
2014-04-14 16:30:00,0.102,0,32.7262,0,7781.24,0.0,50058.0,0.0
2014-04-14 16:35:00,0.096,0,32.5893,0,8293.61,0.0,50058.0,0.0
2014-04-14 16:40:00,0.102,0,34.1589,0,8073.58,0.0,50058.0,0.0
2014-04-14 16:45:00,0.1,0,36.9753,0,8604.35,0.0,50058.0,0.0
2014-04-14 16:50:00,0.068,0,36.5894,0,9175.52,0.0,50058.0,0.0
2014-04-14 16:55:00,0.102,0,34.8512,0,9793.93,0.0,50058.0,0.0
2014-04-14 17:00:00,0.098,0,35.9867,0,10465.0,0.0,50058.0,0.0
2014-04-14 17:05:00,0.102,0,38.453,0,10543.8,0.0,50058.0,0.0
2014-04-14 17:10:00,0.1,0,39.4311,0,10554.0,0.0,50058.0,0.0
2014-04-14 17:15:00,0.1,0,35.3865,0,10514.5,0.0,50058.0,0.0
2014-04-14 17:20:00,0.066,0,34.8508,0,10489.6,0.0,50058.0,0.0
2014-04-14 17:25:00,22.588,0,37.3545,0,3831.18,0.0,50058.0,0.0
2014-04-14 17:30:00,21.342,0,39.5206,0,3795.82,0.0,50058.0,0.0
2014-04-14 17:35:00,0.134,0,37.2858,0,3720.21,0.0,50058.0,0.0
2014-04-14 17:40:00,14.158,0,34.4486,0,3670.31,0.0,50058.0,0.0
2014-04-14 17:45:00,0.1,0,34.8047,0,3719.34,0.0,50058.0,0.0
2014-04-14 17:50:00,0.102,0,36.0218,0,3800.47,0.0,50058.0,0.0
2014-04-14 17:55:00,0.098,0,35.7621,0,3883.7,0.0,50058.0,0.0
2014-04-14 18:00:00,0.1,0,33.0191,0,3990.59,0.0,50058.0,0.0
2014-04-14 18:05:00,0.268,0,32.582,0,4181.57,0.0,50058.0,0.0
2014-04-14 18:10:00,8.0,0,33.4228,0,4411.37,0.0,50058.0,0.0
2014-04-14 18:15:00,71.45,0,34.3563,0,4658.97,0.0,50058.0,0.0
2014-04-14 18:20:00,98.454,0,33.7937,0,4945.53,0.0,50058.0,0.0
2014-04-14 18:25:00,73.35,0,33.1723,0,5271.24,0.0,50058.0,0.0
2014-04-14 18:30:00,86.046,0,33.1082,0,5638.59,0.0,50058.0,0.0
2014-04-14 18:35:00,99.77,0,33.2362,0,6063.11,0.0,50058.0,0.0
2014-04-14 18:40:00,97.806,0,33.5272,0,6545.39,0.0,50058.0,0.0
2014-04-14 18:45:00,75.83,0,33.7584,0,7020.9,0.0,50058.0,0.0
2014-04-14 18:50:00,0.102,0,33.4908,0,7449.17,0.0,50058.0,0.0
2014-04-14 18:55:00,0.1,0,33.6447,0,7905.14,0.0,50058.0,0.0
2014-04-14 19:00:00,0.102,0,33.9105,0,8424.33,0.0,50058.0,0.0
2014-04-14 19:05:00,0.068,0,34.2249,0,8936.69,0.0,50058.0,0.0
2014-04-14 19:10:00,0.1,0,34.2427,0,9408.28,0.0,50058.0,0.0
2014-04-14 19:15:00,0.1,0,33.9451,0,9873.79,0.0,50058.0,0.0
2014-04-14 19:20:00,0.1,0,33.2329,0,10458.4,0.0,50058.0,0.0
2014-04-14 19:25:00,0.102,0,33.0046,0,11078.3,0.0,50058.0,0.0
2014-04-14 19:30:00,0.102,0,33.4201,0,11237.7,0.0,50058.0,0.0
2014-04-14 19:35:00,0.1,0,32.9563,0,11368.9,0.0,50058.0,0.0
2014-04-14 19:40:00,0.102,0,32.5561,0,11136.8,0.0,50058.0,0.0
2014-04-14 19:45:00,0.102,0,32.6818,0,11400.6,0.0,50058.0,0.0
2014-04-14 19:50:00,0.064,0,32.9018,0,11661.8,0.0,50058.0,0.0
2014-04-14 19:55:00,0.102,0,33.5341,0,11898.7,0.0,50058.0,0.0
2014-04-14 20:00:00,0.1,0,33.861999999999995,0,12147.5,0.0,50058.0,0.0
2014-04-14 20:05:00,0.1,0,33.9051,0,12466.9,0.0,50058.0,0.0
2014-04-14 20:10:00,0.098,0,34.3549,0,12812.6,0.0,50058.0,0.0
2014-04-14 20:15:00,0.1,0,34.3849,0,12831.9,0.0,50058.0,0.0
2014-04-14 20:20:00,0.068,0,34.3713,0,12195.7,0.0,50058.0,0.0
2014-04-14 20:25:00,0.098,0,33.5915,0,12143.2,0.0,50058.0,0.0
2014-04-14 20:30:00,0.102,0,32.908,0,11751.8,0.0,50058.0,0.0
2014-04-14 20:35:00,0.1,0,33.0156,0,10995.5,0.0,50058.0,0.0
2014-04-14 20:40:00,0.066,0,33.7893,0,10257.9,0.0,50058.0,0.0
2014-04-14 20:45:00,0.1,0,36.235,0,10046.0,0.0,50058.0,0.0
2014-04-14 20:50:00,0.098,0,38.2468,0,10044.2,0.0,50058.0,0.0
2014-04-14 20:55:00,0.066,0,39.3624,0,10053.5,0.0,50058.0,0.0
2014-04-14 21:00:00,0.102,0,41.4696,0,10064.8,0.0,50058.0,0.0
2014-04-14 21:05:00,0.102,0,44.2354,0,10076.5,0.0,50058.0,0.0
2014-04-14 21:10:00,0.1,0,45.4357,0,10091.5,0.0,50058.0,0.0
2014-04-14 21:15:00,0.066,0,43.6865,0,10117.2,0.0,50058.0,0.0
2014-04-14 21:20:00,0.1,0,40.7073,0,10159.8,0.0,50058.0,0.0
2014-04-14 21:25:00,3.502,0,39.0273,0,9282.12,0.0,50058.0,0.0
2014-04-14 21:30:00,0.1,0,37.2277,0,9359.26,0.0,50058.0,0.0
2014-04-14 21:35:00,0.102,0,35.0326,0,9433.83,0.0,50058.0,0.0
2014-04-14 21:40:00,0.1,0,32.6453,0,9525.01,0.0,50058.0,0.0
2014-04-14 21:45:00,0.102,0,31.4425,0,9629.39,0.0,50058.0,0.0
2014-04-14 21:50:00,0.102,0,32.1962,0,9734.65,0.0,50058.0,0.0
2014-04-14 21:55:00,0.066,0,32.5518,0,9835.83,0.0,50058.0,0.0
2014-04-14 22:00:00,0.1,0,32.6045,0,9924.44,0.0,50058.0,0.0
2014-04-14 22:05:00,0.102,0,33.2114,0,10007.4,0.0,50058.0,0.0
2014-04-14 22:10:00,0.1,0,34.0053,0,10092.3,0.0,50058.0,0.0
2014-04-14 22:15:00,0.102,0,33.8613,0,10169.4,0.0,50058.0,0.0
2014-04-14 22:20:00,0.066,0,34.015,0,10250.0,0.0,50058.0,0.0
2014-04-14 22:25:00,0.102,0,34.0515,0,10332.9,0.0,50058.0,0.0
2014-04-14 22:30:00,0.102,0,33.2577,0,10438.4,0.0,50058.0,0.0
2014-04-14 22:35:00,0.1,0,33.5756,0,10564.2,0.0,50058.0,0.0
2014-04-14 22:40:00,0.102,0,33.8471,0,10692.6,0.0,50058.0,0.0
2014-04-14 22:45:00,0.068,0,32.6302,0,10804.9,0.0,50058.0,0.0
2014-04-14 22:50:00,0.1,0,33.6346,0,10858.5,0.0,50058.0,0.0
2014-04-14 22:55:00,0.238,0,34.042,0,10863.4,0.0,50058.0,0.0
2014-04-14 23:00:00,1.0,0,34.2727,0,10837.9,0.0,50058.0,0.0
2014-04-14 23:05:00,0.068,0,33.3918,0,11013.3,0.0,50058.0,0.0
2014-04-14 23:10:00,4.002,0,34.3401,0,9924.59,0.0,50058.0,0.0
2014-04-14 23:15:00,0.1,0,33.2285,0,9664.19,0.0,50058.0,0.0
2014-04-14 23:20:00,0.102,0,32.6274,0,9437.71,0.0,50058.0,0.0
2014-04-14 23:25:00,0.1,0,33.6719,0,9125.57,0.0,50058.0,0.0
2014-04-14 23:30:00,0.102,0,34.1717,0,9005.48,0.0,50058.0,0.0
2014-04-14 23:35:00,0.802,0,34.1343,0,8928.75,0.0,50058.0,0.0
2014-04-14 23:40:00,7.5,0,34.6633,0,7944.9,0.0,50058.0,0.0
2014-04-14 23:45:00,0.102,0,33.0038,0,7967.44,0.0,50058.0,0.0
2014-04-14 23:50:00,0.1,0,33.3261,0,8027.92,0.0,50058.0,0.0
2014-04-14 23:55:00,0.098,0,35.7546,0,8080.56,0.0,50058.0,0.0
2014-04-15 00:00:00,0.102,0,35.2893,0,8133.84,0.0,50058.0,0.0
2014-04-15 00:05:00,0.102,0,35.6592,0,8195.95,0.0,50058.0,0.0
2014-04-15 00:10:00,0.102,0,36.367,0,8253.52,0.0,50058.0,0.0
2014-04-15 00:15:00,0.102,0,35.4842,0,8301.82,0.0,50058.0,0.0
2014-04-15 00:20:00,0.102,0,33.7614,0,8364.14,0.0,50058.0,0.0
2014-04-15 00:25:00,0.102,0,32.834,0,8428.58,0.0,50058.0,0.0
2014-04-15 00:30:00,0.1,0,32.6174,0,8498.42,0.0,50058.0,0.0
2014-04-15 00:35:00,0.068,0,33.4368,0,8594.28,0.0,50058.0,0.0
2014-04-15 00:40:00,0.1,0,33.5547,0,8689.81,0.0,50058.0,0.0
2014-04-15 00:45:00,0.1,0,32.85,0,8787.21,0.0,50058.0,0.0
2014-04-15 00:50:00,0.1,0,33.0044,0,8920.43,0.0,50058.0,0.0
2014-04-15 00:55:00,0.102,0,33.1347,0,9031.85,0.0,50058.0,0.0
2014-04-15 01:00:00,0.068,0,32.4627,0,9115.87,0.0,50058.0,0.0
2014-04-15 01:05:00,0.102,0,33.015,0,9229.83,0.0,50058.0,0.0
2014-04-15 01:10:00,0.1,0,33.4917,0,9254.01,0.0,50058.0,0.0
2014-04-15 01:15:00,0.102,0,33.6411,0,9379.14,0.0,50058.0,0.0
2014-04-15 01:20:00,0.1,0,32.9757,0,9538.8,0.0,50058.0,0.0
2014-04-15 01:25:00,0.1,0,32.9699,0,9720.79,0.0,50058.0,0.0
2014-04-15 01:30:00,0.068,0,34.2198,0,9884.5,0.0,50058.0,0.0
2014-04-15 01:35:00,0.102,0,34.4815,0,10026.3,0.0,50058.0,0.0
2014-04-15 01:40:00,0.102,0,36.9888,0,10196.7,0.0,50058.0,0.0
2014-04-15 01:45:00,0.1,0,37.0122,0,10179.2,0.0,50058.0,0.0
2014-04-15 01:50:00,0.068,0,35.3821,0,10205.6,0.0,50058.0,0.0
2014-04-15 01:55:00,0.102,0,34.7148,0,10226.2,0.0,50058.0,0.0
2014-04-15 02:00:00,0.102,0,35.8296,0,10187.6,0.0,50058.0,0.0
2014-04-15 02:05:00,0.102,0,37.2276,0,10160.7,0.0,50058.0,0.0
2014-04-15 02:10:00,0.066,0,38.5823,0,10126.5,0.0,50058.0,0.0
2014-04-15 02:15:00,0.1,0,37.8527,0,10077.6,0.0,50058.0,0.0
2014-04-15 02:20:00,0.102,0,37.0927,0,10052.2,0.0,50058.0,0.0
2014-04-15 02:25:00,0.102,0,37.6387,0,10071.5,0.0,50058.0,0.0
2014-04-15 02:30:00,0.102,0,39.0127,0,10117.8,0.0,50058.0,0.0
2014-04-15 02:35:00,0.102,0,36.1289,0,10174.9,0.0,50058.0,0.0
2014-04-15 02:40:00,0.068,0,31.2991,0,10215.8,0.0,50058.0,0.0
2014-04-15 02:45:00,0.102,0,32.3188,0,10251.6,0.0,50058.0,0.0
2014-04-15 02:50:00,0.102,0,32.936,0,10303.8,0.0,50058.0,0.0
2014-04-15 02:55:00,0.066,0,33.0454,0,10352.3,0.0,50058.0,0.0
2014-04-15 03:00:00,0.102,0,38.8571,0,10396.8,0.0,50058.0,0.0
2014-04-15 03:05:00,0.102,0,38.5052,0,10464.6,0.0,50058.0,0.0
2014-04-15 03:10:00,0.066,0,38.5661,0,10524.6,0.0,50058.0,0.0
2014-04-15 03:15:00,0.1,0,38.8288,0,10578.3,0.0,50058.0,0.0
2014-04-15 03:20:00,0.102,0,38.6972,0,10633.6,0.0,50058.0,0.0
2014-04-15 03:25:00,0.102,0,38.4253,0,10710.5,0.0,50058.0,0.0
2014-04-15 03:30:00,0.068,0,38.4044,0,10792.3,0.0,50058.0,0.0
2014-04-15 03:35:00,0.098,0,38.7736,0,10849.0,0.0,50058.0,0.0
2014-04-15 03:40:00,0.102,0,38.7402,0,10903.8,0.0,50058.0,0.0
2014-04-15 03:45:00,0.068,0,38.8191,0,10900.2,0.0,50058.0,0.0
2014-04-15 03:50:00,0.102,0,38.8129,0,10896.9,0.0,50058.0,0.0
2014-04-15 03:55:00,0.102,0,38.6059,0,10937.1,0.0,50058.0,0.0
2014-04-15 04:00:00,0.102,0,38.7412,0,10997.2,0.0,50058.0,0.0
2014-04-15 04:05:00,0.068,0,38.7636,0,11033.4,0.0,50058.0,0.0
2014-04-15 04:10:00,0.102,0,38.7909,0,11036.8,0.0,50058.0,0.0
2014-04-15 04:15:00,0.1,0,38.6187,0,11008.6,0.0,50058.0,0.0
2014-04-15 04:20:00,0.102,0,38.3551,0,10998.8,0.0,50058.0,0.0
2014-04-15 04:25:00,0.068,0,38.5887,0,11008.5,0.0,50058.0,0.0
2014-04-15 04:30:00,0.102,0,38.9341,0,11006.0,0.0,50058.0,0.0
2014-04-15 04:35:00,1.534,0,36.2973,0,10612.6,0.0,50058.0,0.0
2014-04-15 04:40:00,6.734,0,34.615,0,9123.45,0.0,50058.0,0.0
2014-04-15 04:45:00,0.102,0,32.5725,0,9278.15,0.0,50058.0,0.0
2014-04-15 04:50:00,0.066,0,32.5764,0,9415.4,0.0,50058.0,0.0
2014-04-15 04:55:00,0.102,0,33.1305,0,9545.84,0.0,50058.0,0.0
2014-04-15 05:00:00,0.102,0,33.2955,0,9678.84,0.0,50058.0,0.0
2014-04-15 05:05:00,0.1,0,34.3843,0,9673.54,0.0,50058.0,0.0
2014-04-15 05:10:00,0.066,0,34.8287,0,9680.85,0.0,50058.0,0.0
2014-04-15 05:15:00,0.102,0,33.5965,0,9688.26,0.0,50058.0,0.0
2014-04-15 05:20:00,0.102,0,32.696,0,9690.79,0.0,50058.0,0.0
2014-04-15 05:25:00,0.1,0,33.4885,0,9697.21,0.0,50058.0,0.0
2014-04-15 05:30:00,0.068,0,33.3909,0,9713.27,0.0,50058.0,0.0
2014-04-15 05:35:00,0.236,0,33.6567,0,9730.29,0.0,50058.0,0.0
2014-04-15 05:40:00,0.102,0,33.4708,0,9739.91,0.0,50058.0,0.0
2014-04-15 05:45:00,0.102,0,32.7153,0,9752.98,0.0,50058.0,0.0
2014-04-15 05:50:00,0.068,0,33.083,0,9763.64,0.0,50058.0,0.0
2014-04-15 05:55:00,0.102,0,33.1667,0,9775.45,0.0,50058.0,0.0
2014-04-15 06:00:00,0.098,0,32.1908,0,9793.53,0.0,50058.0,0.0
2014-04-15 06:05:00,74.44800000000002,0,34.3146,0,9819.77,0.0,50058.0,0.0
2014-04-15 06:10:00,98.388,0,33.7623,0,9876.56,0.0,50058.0,0.0
2014-04-15 06:15:00,70.09,0,32.9274,0,9937.12,0.0,50058.0,0.0
2014-04-15 06:20:00,89.266,0,33.0861,0,10026.3,0.0,50058.0,0.0
2014-04-15 06:25:00,99.734,0,33.1877,0,10157.9,0.0,50058.0,0.0
2014-04-15 06:30:00,93.73,0,33.3816,0,10311.7,0.0,50058.0,0.0
2014-04-15 06:35:00,62.768,0,33.7565,0,12205.2,0.0,50058.0,0.0
2014-04-15 06:40:00,0.102,0,33.6401,0,12003.6,0.0,50058.0,0.0
2014-04-15 06:45:00,0.102,0,33.62,0,12039.1,0.0,50058.0,0.0
2014-04-15 06:50:00,0.068,0,33.9137,0,12030.4,0.0,50058.0,0.0
2014-04-15 06:55:00,0.1,0,34.1749,0,12024.0,0.0,50058.0,0.0
2014-04-15 07:00:00,0.102,0,34.1621,0,12035.6,0.0,50058.0,0.0
2014-04-15 07:05:00,0.1,0,33.9362,0,12055.8,0.0,50058.0,0.0
2014-04-15 07:10:00,0.068,0,33.433,0,12109.0,0.0,50058.0,0.0
2014-04-15 07:15:00,0.1,0,33.2038,0,12177.0,0.0,50058.0,0.0
2014-04-15 07:20:00,0.102,0,33.442,0,12219.5,0.0,50058.0,0.0
2014-04-15 07:25:00,0.1,0,33.0285,0,12243.9,0.0,50058.0,0.0
2014-04-15 07:30:00,28.6,0,32.9832,0,23866.1,0.0,50058.0,0.0
2014-04-15 07:35:00,2.332,0,32.7172,0,23882.1,0.0,50058.0,0.0
2014-04-15 07:40:00,0.7340000000000001,0,32.5215,0,23925.1,0.0,50058.0,0.0
2014-04-15 07:45:00,0.5660000000000001,0,32.6548,0,23999.7,0.0,50058.0,0.0
2014-04-15 07:50:00,0.334,0,32.6552,0,24122.3,0.0,50058.0,0.0
2014-04-15 07:55:00,19.268,0,33.1612,0,24243.5,0.0,50058.0,0.0
2014-04-15 08:00:00,11.222,0,33.3327,0,24380.4,0.0,50058.0,0.0
2014-04-15 08:05:00,0.8340000000000001,0,33.0336,0,21521.4,0.0,50058.0,0.0
2014-04-15 08:10:00,0.636,0,33.2232,0,17754.9,0.0,50058.0,0.0
2014-04-15 08:15:00,1.028,0,33.2506,0,15230.7,0.0,50058.0,0.0
2014-04-15 08:20:00,13.334,1,32.9714,0,12083.5,0.0,50058.0,0.0
2014-04-15 08:25:00,0.168,1,33.0434,0,8662.85,0.0,50058.0,0.0
2014-04-15 08:30:00,0.102,1,33.9286,0,5583.94,0.0,50058.0,0.0
2014-04-15 08:35:00,0.102,1,36.137,0,3706.83,0.0,50058.0,0.0
2014-04-15 08:40:00,0.368,1,38.1636,0,4044.75,0.0,50058.0,0.0
2014-04-15 08:45:00,0.102,1,39.4268,0,4418.58,0.0,50058.0,0.0
2014-04-15 08:50:00,0.102,1,41.5099,0,4828.39,0.0,50058.0,0.0
2014-04-15 08:55:00,0.1,1,44.3509,0,5266.32,0.0,50058.0,0.0
2014-04-15 09:00:00,0.068,1,45.3784,0,5736.74,0.0,50058.0,0.0
2014-04-15 09:05:00,0.1,1,43.3239,0,6247.33,0.0,50058.0,0.0
2014-04-15 09:10:00,0.102,1,40.4546,0,7231.83,0.0,50058.0,0.0
2014-04-15 09:15:00,0.102,1,38.7608,0,7563.95,0.0,50058.0,0.0
2014-04-15 09:20:00,0.102,1,36.9338,0,7926.33,0.0,50058.0,0.0
2014-04-15 09:25:00,0.066,1,34.6385,0,8305.85,0.0,50058.0,0.0
2014-04-15 09:30:00,0.102,1,32.5821,0,7889.68,0.0,50058.0,0.0
2014-04-15 09:35:00,0.102,1,31.8083,0,8257.45,0.0,50058.0,0.0
2014-04-15 09:40:00,0.066,1,32.1659,0,8695.39,0.0,50058.0,0.0
2014-04-15 09:45:00,0.102,1,32.4212,0,9161.93,0.0,50058.0,0.0
2014-04-15 09:50:00,0.1,1,32.7465,0,9894.38,0.0,50058.0,0.0
2014-04-15 09:55:00,0.102,1,34.7783,0,9669.82,0.0,50058.0,0.0
2014-04-15 10:00:00,0.068,1,38.4674,0,9692.55,0.0,50058.0,0.0
2014-04-15 10:05:00,0.1,1,37.4591,0,10021.2,0.0,50058.0,0.0
2014-04-15 10:10:00,0.102,1,36.0092,0,10380.7,0.0,50058.0,0.0
2014-04-15 10:15:00,0.068,1,36.4029,0,10742.6,0.0,50058.0,0.0
2014-04-15 10:20:00,0.102,1,38.87300000000001,0,11138.8,0.0,50058.0,0.0
2014-04-15 10:25:00,0.102,1,40.1097,0,11238.5,0.0,50058.0,0.0
2014-04-15 10:30:00,0.234,1,36.5494,0,11404.5,0.0,50058.0,0.0
2014-04-15 10:35:00,0.1,1,35.8252,0,11485.0,0.0,50058.0,0.0
2014-04-15 10:40:00,0.102,1,36.5685,0,11500.2,0.0,50058.0,0.0
2014-04-15 10:45:00,0.068,1,38.1363,0,11477.6,0.0,50058.0,0.0
2014-04-15 10:50:00,61.24,1,37.655,0,7019.47,0.0,50058.0,0.0
2014-04-15 10:55:00,98.42,1,34.6045,0,7155.79,0.0,50058.0,0.0
2014-04-15 11:00:00,77.52199999999998,1,33.3216,0,7387.89,0.0,50058.0,0.0
2014-04-15 11:05:00,80.382,1,33.3715,0,7674.48,0.0,50058.0,0.0
2014-04-15 11:10:00,99.736,1,33.6206,0,7960.23,0.0,50058.0,0.0
2014-04-15 11:15:00,97.902,1,33.587,0,8220.7,0.0,50058.0,0.0
2014-04-15 11:20:00,68.312,1,33.6142,0,8452.88,0.0,50058.0,0.0
2014-04-15 11:25:00,30.558000000000003,1,33.8016,0,8392.74,0.0,50058.0,0.0
2014-04-15 11:30:00,1.516,1,33.5881,0,8315.67,0.0,50058.0,0.0
2014-04-15 11:35:00,0.636,1,33.797,0,8244.81,0.0,50058.0,0.0
2014-04-15 11:40:00,0.47,1,34.1712,0,8229.82,0.0,50058.0,0.0
2014-04-15 11:45:00,0.102,1,34.2037,0,8232.75,0.0,50058.0,0.0
2014-04-15 11:50:00,0.066,1,33.9682,0,8177.36,0.0,50058.0,0.0
2014-04-15 11:55:00,0.102,1,33.4672,0,8104.72,0.0,50058.0,0.0
2014-04-15 12:00:00,0.102,1,33.114000000000004,0,8228.75,0.0,50058.0,0.0
2014-04-15 12:05:00,0.102,1,33.202,0,8495.34,0.0,50058.0,0.0
2014-04-15 12:10:00,0.1,1,32.9921,0,8740.48,0.0,50058.0,0.0
2014-04-15 12:15:00,0.232,1,32.6391,0,8921.72,0.0,50058.0,0.0
2014-04-15 12:20:00,0.1,1,32.6671,0,9152.02,0.0,50058.0,0.0
2014-04-15 12:25:00,0.068,1,32.7251,0,9855.23,0.0,50058.0,0.0
2014-04-15 12:30:00,0.1,1,32.6481,0,10396.2,0.0,50058.0,0.0
2014-04-15 12:35:00,0.134,1,32.6344,0,11160.1,0.0,50058.0,0.0
2014-04-15 12:40:00,0.066,1,32.866,0,11931.4,0.0,50058.0,0.0
2014-04-15 12:45:00,0.102,1,32.9623,0,12750.9,0.0,50058.0,0.0
2014-04-15 12:50:00,0.102,1,32.996,0,13028.6,0.0,50058.0,0.0
2014-04-15 12:55:00,0.102,1,33.2532,0,11342.1,0.0,50058.0,0.0
2014-04-15 13:00:00,0.064,1,33.2705,0,11155.0,0.0,50058.0,0.0
2014-04-15 13:05:00,0.102,1,32.8235,0,10854.5,0.0,50058.0,0.0
2014-04-15 13:10:00,0.102,1,32.7398,0,10057.2,0.0,50058.0,0.0
2014-04-15 13:15:00,0.102,0,28.1949,0,9278.17,0.0,50058.0,0.0
2014-04-15 13:20:00,0.102,0,28.206,0,9900.84,0.0,50058.0,0.0
2014-04-15 13:25:00,0.1,0,28.0845,0,10490.4,0.0,50058.0,0.0
2014-04-15 13:30:00,0.1,0,28.3119,0,9913.68,0.0,50058.0,0.0
2014-04-15 13:35:00,0.068,0,28.5697,0,9895.98,0.0,50058.0,0.0
2014-04-15 13:40:00,0.098,0,28.5363,0,9862.53,0.0,50058.0,0.0
2014-04-15 13:45:00,0.1,0,28.6187,0,9806.9,0.0,50058.0,0.0
2014-04-15 13:50:00,0.098,0,28.783,0,9746.18,0.0,50058.0,0.0
2014-04-15 13:55:00,0.1,0,28.5194,0,9685.13,0.0,50058.0,0.0
2014-04-15 14:00:00,26.9,0,28.3673,0,1679.88,0.0,50058.0,0.0
2014-04-15 14:05:00,4.474,0,28.1498,0,1647.39,0.0,50058.0,0.0
2014-04-15 14:10:00,0.8959999999999999,0,27.9676,0,1633.93,0.0,50058.0,0.0
2014-04-15 14:15:00,0.602,0,28.003,0,1640.94,0.0,50058.0,0.0
2014-04-15 14:20:00,0.604,0,27.7669,0,1684.13,0.0,50058.0,0.0
2014-04-15 14:25:00,0.568,0,27.3993,0,1749.55,0.0,50058.0,0.0
2014-04-15 14:30:00,0.2,0,27.4984,0,1833.67,0.0,50058.0,0.0
2014-04-15 14:35:00,0.1,0,27.5009,0,1940.0,0.0,50058.0,0.0
2014-04-15 14:40:00,0.098,0,26.6639,0,2071.18,0.0,50058.0,0.0
2014-04-15 14:45:00,0.068,0,27.0518,0,2679.01,0.0,50058.0,0.0
2014-04-15 14:50:00,0.1,0,27.6835,0,2791.41,0.0,50058.0,0.0
2014-04-15 14:55:00,0.1,0,27.178,0,2924.31,0.0,50058.0,0.0
2014-04-15 15:00:00,0.1,0,27.4332,0,3071.48,0.0,50058.0,0.0
2014-04-15 15:05:00,0.068,0,26.6769,0,3237.52,0.0,50058.0,0.0
2014-04-15 15:10:00,0.1,0,27.8441,0,3603.29,0.0,50058.0,0.0
2014-04-15 15:15:00,0.998,0,27.0002,0,3797.93,0.0,50058.0,0.0
2014-04-15 15:20:00,0.102,0,27.9376,0,4186.44,0.0,50058.0,0.0
2014-04-15 15:25:00,0.068,0,28.1598,0,4601.29,0.0,50058.0,0.0
2014-04-15 15:30:00,0.098,0,28.5523,0,5047.61,0.0,50058.0,0.0
2014-04-15 15:35:00,0.1,0,27.4888,0,5514.0,0.0,50058.0,0.0
2014-04-15 15:40:00,0.102,0,27.7389,0,5995.41,0.0,50058.0,0.0
2014-04-15 15:45:00,0.102,0,27.541,0,6504.08,0.0,50058.0,0.0
2014-04-15 15:50:00,0.098,0,28.3947,0,7035.59,0.0,50058.0,0.0
2014-04-15 15:55:00,0.098,0,28.379,0,7587.47,0.0,50058.0,0.0
2014-04-15 16:00:00,0.1,0,27.8068,0,8179.56,0.0,50058.0,0.0
2014-04-15 16:05:00,0.1,0,28.9773,0,8151.6,0.0,50058.0,0.0
2014-04-15 16:10:00,30.068,0,27.5444,0,935.679,0.0,50058.0,0.0
2014-04-15 16:15:00,1.906,0,27.8902,0,937.502,0.0,50058.0,0.0
2014-04-15 16:20:00,0.898,0,27.8993,0,965.611,0.0,50058.0,0.0
2014-04-15 16:25:00,0.634,0,28.923,0,1015.24,0.0,50058.0,0.0
2014-04-15 16:30:00,0.47,0,27.7087,0,1098.6,0.0,50058.0,0.0
2014-04-15 16:35:00,0.1,0,27.4459,0,1213.87,0.0,50058.0,0.0
2014-04-15 16:40:00,0.102,0,28.453000000000007,0,1354.16,0.0,50058.0,0.0
2014-04-15 16:45:00,0.1,0,28.3453,0,1500.64,0.0,50058.0,0.0
2014-04-15 16:50:00,0.1,0,26.9612,0,1680.45,0.0,50058.0,0.0
2014-04-15 16:55:00,1.444,0,28.1306,0,1898.65,0.0,50058.0,0.0
2014-04-15 17:00:00,0.098,0,28.0717,0,2129.96,0.0,50058.0,0.0
2014-04-15 17:05:00,0.098,0,27.1833,0,2394.02,0.0,50058.0,0.0
2014-04-15 17:10:00,0.066,0,27.7399,0,2662.57,0.0,50058.0,0.0
2014-04-15 17:15:00,0.1,0,26.4849,0,2953.21,0.0,50058.0,0.0
2014-04-15 17:20:00,0.102,0,27.8447,0,3278.38,0.0,50058.0,0.0
2014-04-15 17:25:00,0.1,0,26.9909,0,3652.89,0.0,50058.0,0.0
2014-04-15 17:30:00,30.026,0,27.9568,0,2067.79,0.0,50058.0,0.0
2014-04-15 17:35:00,1.686,0,27.8621,0,2104.64,0.0,50058.0,0.0
2014-04-15 17:40:00,0.838,0,28.0679,0,2140.47,0.0,50058.0,0.0
2014-04-15 17:45:00,0.6659999999999999,0,27.6921,0,2207.52,0.0,50058.0,0.0
2014-04-15 17:50:00,1.936,0,27.4841,0,2293.36,0.0,50058.0,0.0
2014-04-15 17:55:00,4.066,0,26.8624,0,2421.58,0.0,50058.0,0.0
2014-04-15 18:00:00,1.486,0,28.1703,0,2573.17,0.0,50058.0,0.0
2014-04-15 18:05:00,97.956,0,28.0525,0,2778.69,0.0,50058.0,0.0
2014-04-15 18:10:00,92.75,0,27.4143,0,1877.33,0.0,50058.0,0.0
2014-04-15 18:15:00,76.69800000000002,0,27.4741,0,2116.77,0.0,50058.0,0.0
2014-04-15 18:20:00,91.278,0,27.4104,0,2466.39,0.0,50058.0,0.0
2014-04-15 18:25:00,99.608,0,27.245,0,2896.96,0.0,50058.0,0.0
2014-04-15 18:30:00,89.054,0,26.7977,0,3419.35,0.0,50058.0,0.0
2014-04-15 18:35:00,38.982,0,26.8949,0,3935.88,0.0,50058.0,0.0
2014-04-15 18:40:00,0.098,0,27.0328,0,4470.35,0.0,50058.0,0.0
2014-04-15 18:45:00,0.1,0,26.4553,0,5054.52,0.0,50058.0,0.0
2014-04-15 18:50:00,76.546,0,26.2851,0,5684.61,0.0,50058.0,0.0
2014-04-15 18:55:00,99.172,0,26.3158,0,6309.74,0.0,50058.0,0.0
2014-04-15 19:00:00,83.554,0,26.0725,0,7060.11,0.0,50058.0,0.0
2014-04-15 19:05:00,76.19800000000002,0,26.0256,0,12060.4,0.0,50058.0,0.0
2014-04-15 19:10:00,99.638,0,25.5445,0,12327.8,0.0,50058.0,0.0
2014-04-15 19:15:00,99.606,0,25.4288,0,12670.2,0.0,50058.0,0.0
2014-04-15 19:20:00,77.436,0,25.5142,0,13022.1,0.0,50058.0,0.0
2014-04-15 19:25:00,13.322,0,25.6321,0,14142.4,0.0,50058.0,0.0
2014-04-15 19:30:00,0.102,0,25.6503,0,13591.1,0.0,50058.0,0.0
2014-04-15 19:35:00,0.102,0,25.7855,0,13957.8,0.0,50058.0,0.0
2014-04-15 19:40:00,0.068,0,25.6069,0,14363.0,0.0,50058.0,0.0
2014-04-15 19:45:00,0.102,0,25.8002,0,14793.5,0.0,50058.0,0.0
2014-04-15 19:50:00,0.102,0,25.8242,0,15195.7,0.0,50058.0,0.0
2014-04-15 19:55:00,0.1,0,25.7729,0,15183.3,0.0,50058.0,0.0
2014-04-15 20:00:00,0.096,0,25.7057,0,15261.3,0.0,50058.0,0.0
2014-04-15 20:05:00,0.102,0,25.5699,0,14611.4,0.0,50058.0,0.0
2014-04-15 20:10:00,8.238,0,26.0781,0,14036.2,0.0,50058.0,0.0
2014-04-15 20:15:00,25.198,0,26.099,0,17389.9,0.0,50058.0,0.0
2014-04-15 20:20:00,0.838,0,26.4966,0,16492.1,0.0,50058.0,0.0
2014-04-15 20:25:00,0.632,0,26.79,0,30038.6,0.0,50058.0,0.0
2014-04-15 20:30:00,0.604,0,27.1301,0,26076.0,0.0,50058.0,0.0
2014-04-15 20:35:00,0.336,0,26.9466,0,24441.6,0.0,50058.0,0.0
2014-04-15 20:40:00,0.1,0,27.2589,0,24540.9,0.0,50058.0,0.0
2014-04-15 20:45:00,0.066,0,27.5653,0,24662.3,0.0,50058.0,0.0
2014-04-15 20:50:00,0.1,0,27.6751,0,21689.6,0.0,50058.0,0.0
2014-04-15 20:55:00,0.132,0,27.4764,0,17919.0,0.0,50058.0,0.0
2014-04-15 21:00:00,0.1,0,27.758000000000006,0,14882.1,0.0,50058.0,0.0
2014-04-15 21:05:00,0.066,0,27.8741,0,12241.0,0.0,50058.0,0.0
2014-04-15 21:10:00,0.264,0,27.8024,0,8836.67,0.0,50058.0,0.0
2014-04-15 21:15:00,0.54,0,28.1078,0,5571.63,0.0,50058.0,0.0
2014-04-15 21:20:00,12.202,0,27.7144,0,3200.59,0.0,50058.0,0.0
2014-04-15 21:25:00,0.1,0,27.8002,0,3112.11,0.0,50058.0,0.0
2014-04-15 21:30:00,0.1,0,27.7134,0,3497.65,0.0,50058.0,0.0
2014-04-15 21:35:00,0.1,0,28.0077,0,5717.05,0.0,50058.0,0.0
2014-04-15 21:40:00,0.1,0,27.9467,0,5790.19,0.0,50058.0,0.0
2014-04-15 21:45:00,0.1,0,28.2001,0,5880.66,0.0,50058.0,0.0
2014-04-15 21:50:00,0.1,0,28.3525,0,5981.1,0.0,50058.0,0.0
2014-04-15 21:55:00,10.464,0,28.3954,0,6934.96,0.0,50058.0,0.0
2014-04-15 22:00:00,0.1,0,28.2002,0,6978.73,0.0,50058.0,0.0
2014-04-15 22:05:00,0.098,0,28.0321,0,7036.79,0.0,50058.0,0.0
2014-04-15 22:10:00,0.1,0,27.9747,0,6744.92,0.0,50058.0,0.0
2014-04-15 22:15:00,0.102,0,27.9192,0,5715.1,0.0,50058.0,0.0
2014-04-15 22:20:00,0.102,0,27.7138,0,5769.65,0.0,50058.0,0.0
2014-04-15 22:25:00,0.1,0,27.3035,0,5835.73,0.0,50058.0,0.0
2014-04-15 22:30:00,0.1,0,27.5791,0,5907.42,0.0,50058.0,0.0
2014-04-15 22:35:00,0.102,0,27.2331,0,5993.08,0.0,50058.0,0.0
2014-04-15 22:40:00,0.102,0,28.0793,0,6103.34,0.0,50058.0,0.0
2014-04-15 22:45:00,0.068,0,27.8581,0,6218.71,0.0,50058.0,0.0
2014-04-15 22:50:00,0.098,0,28.1343,0,6336.19,0.0,50058.0,0.0
2014-04-15 22:55:00,0.102,0,28.0152,0,6460.8,0.0,50058.0,0.0
2014-04-15 23:00:00,0.102,0,27.6361,0,6602.34,0.0,50058.0,0.0
2014-04-15 23:05:00,9.684,0,27.7335,0,6522.03,0.0,50058.0,0.0
2014-04-15 23:10:00,0.102,0,28.6046,0,6519.68,0.0,50058.0,0.0
2014-04-15 23:15:00,0.1,0,28.0472,0,6517.0,0.0,50058.0,0.0
2014-04-15 23:20:00,16.724,0,27.6164,0,4126.41,0.0,50058.0,0.0
2014-04-15 23:25:00,97.324,0,28.0463,0,4185.48,0.0,50058.0,0.0
2014-04-15 23:30:00,92.276,0,27.3785,0,4295.74,0.0,50058.0,0.0
2014-04-15 23:35:00,73.64,0,27.5481,0,4443.45,0.0,50058.0,0.0
2014-04-15 23:40:00,93.44,0,27.5926,0,4638.81,0.0,50058.0,0.0
2014-04-15 23:45:00,99.77,0,27.3352,0,4896.69,0.0,50058.0,0.0
2014-04-15 23:50:00,86.022,0,26.8588,0,5195.8,0.0,50058.0,0.0
2014-04-15 23:55:00,29.936,0,26.9878,0,8615.16,0.0,50058.0,0.0
2014-04-16 00:00:00,0.102,0,27.0786,0,8641.79,0.0,50058.0,0.0
2014-04-16 00:05:00,0.102,0,26.4978,0,8690.46,0.0,50058.0,0.0
2014-04-16 00:10:00,0.102,0,26.1853,0,8764.92,0.0,50058.0,0.0
2014-04-16 00:15:00,0.102,0,26.4191,0,8862.24,0.0,50058.0,0.0
2014-04-16 00:20:00,0.102,0,26.2611,0,8975.43,0.0,50058.0,0.0
2014-04-16 00:25:00,0.102,0,25.9546,0,9097.97,0.0,50058.0,0.0
2014-04-16 00:30:00,0.102,0,25.6144,0,9266.91,0.0,50058.0,0.0
2014-04-16 00:35:00,0.068,0,25.8381,0,9435.84,0.0,50058.0,0.0
2014-04-16 00:40:00,34.9,0,25.8479,0,9660.16,0.0,50058.0,0.0
2014-04-16 00:45:00,96.904,0,25.9953,0,9923.91,0.0,50058.0,0.0
2014-04-16 00:50:00,11.674,0,26.3084,0,10217.6,0.0,50058.0,0.0
2014-04-16 00:55:00,0.102,0,26.6464,0,10523.4,0.0,50058.0,0.0
2014-04-16 01:00:00,0.102,0,26.836,0,10838.5,0.0,50058.0,0.0
2014-04-16 01:05:00,0.068,0,26.623,0,10933.3,0.0,50058.0,0.0
2014-04-16 01:10:00,0.102,0,26.7277,0,11350.7,0.0,50058.0,0.0
2014-04-16 01:15:00,0.102,0,27.3293,0,11745.9,0.0,50058.0,0.0
2014-04-16 01:20:00,0.1,0,27.1981,0,12318.7,0.0,50058.0,0.0
2014-04-16 01:25:00,0.068,0,26.5563,0,11447.8,0.0,50058.0,0.0
2014-04-16 01:30:00,0.102,0,27.14,0,10670.5,0.0,50058.0,0.0
2014-04-16 01:35:00,0.1,0,27.2087,0,14819.8,0.0,50058.0,0.0
2014-04-16 01:40:00,0.068,0,27.1976,0,11732.7,0.0,50058.0,0.0
2014-04-16 01:45:00,0.102,0,27.4509,0,8538.38,0.0,50058.0,0.0
2014-04-16 01:50:00,0.102,0,27.5387,0,5924.86,0.0,50058.0,0.0
2014-04-16 01:55:00,0.102,0,27.7643,0,5256.17,0.0,50058.0,0.0
2014-04-16 02:00:00,0.068,0,27.5797,0,5594.98,0.0,50058.0,0.0
2014-04-16 02:05:00,0.098,0,28.3013,0,5955.73,0.0,50058.0,0.0
2014-04-16 02:10:00,0.102,0,28.5451,0,6322.44,0.0,50058.0,0.0
2014-04-16 02:15:00,0.1,0,28.375,0,6701.48,0.0,50058.0,0.0
2014-04-16 02:20:00,98.514,0,28.0232,0,7147.9,0.0,50058.0,0.0
2014-04-16 02:25:00,92.204,0,27.9586,0,7646.16,0.0,50058.0,0.0
2014-04-16 02:30:00,79.266,0,27.5865,0,8179.54,0.0,50058.0,0.0
2014-04-16 02:35:00,91.234,0,27.8455,0,8760.06,0.0,50058.0,0.0
2014-04-16 02:40:00,99.336,0,27.3483,0,9410.08,0.0,50058.0,0.0
2014-04-16 02:45:00,87.91,0,26.9209,0,8561.74,0.0,50058.0,0.0
2014-04-16 02:50:00,38.166,0,27.0471,0,10235.2,0.0,50058.0,0.0
2014-04-16 02:55:00,0.102,0,26.5767,0,10220.5,0.0,50058.0,0.0
2014-04-16 03:00:00,0.102,0,26.4468,0,10229.0,0.0,50058.0,0.0
2014-04-16 03:05:00,0.1,0,26.3408,0,10258.4,0.0,50058.0,0.0
2014-04-16 03:10:00,0.066,0,26.7101,0,10296.3,0.0,50058.0,0.0
2014-04-16 03:15:00,0.102,0,26.3462,0,10351.9,0.0,50058.0,0.0
2014-04-16 03:20:00,0.1,0,26.3292,0,10437.6,0.0,50058.0,0.0
2014-04-16 03:25:00,0.102,0,25.9673,0,10536.6,0.0,50058.0,0.0
2014-04-16 03:30:00,9.252,0,26.0941,0,10624.2,0.0,50058.0,0.0
2014-04-16 03:35:00,97.332,0,26.0168,0,10786.2,0.0,50058.0,0.0
2014-04-16 03:40:00,88.698,0,26.4794,0,11002.7,0.0,50058.0,0.0
2014-04-16 03:45:00,78.074,0,26.298,0,11258.5,0.0,50058.0,0.0
2014-04-16 03:50:00,92.134,0,26.5507,0,11575.7,0.0,50058.0,0.0
2014-04-16 03:55:00,99.834,0,26.4446,0,11957.7,0.0,50058.0,0.0
2014-04-16 04:00:00,87.406,0,26.0958,0,12396.8,0.0,50058.0,0.0
2014-04-16 04:05:00,37.734,0,26.4061,0,12831.8,0.0,50058.0,0.0
2014-04-16 04:10:00,0.102,0,26.7201,0,13300.4,0.0,50058.0,0.0
2014-04-16 04:15:00,0.102,0,26.4023,0,13792.1,0.0,50058.0,0.0
2014-04-16 04:20:00,0.068,0,25.9935,0,13109.6,0.0,50058.0,0.0
2014-04-16 04:25:00,0.102,0,26.3808,0,12531.7,0.0,50058.0,0.0
2014-04-16 04:30:00,81.066,0,26.1736,0,12266.2,0.0,50058.0,0.0
2014-04-16 04:35:00,98.666,0,26.1115,0,11713.3,0.0,50058.0,0.0
2014-04-16 04:40:00,73.832,0,25.8218,0,14806.5,0.0,50058.0,0.0
2014-04-16 04:45:00,91.502,0,26.2521,0,12162.5,0.0,50058.0,0.0
2014-04-16 04:50:00,99.734,0,26.0804,0,11277.2,0.0,50058.0,0.0
2014-04-16 04:55:00,89.22200000000002,0,25.906,0,11636.9,0.0,50058.0,0.0
2014-04-16 05:00:00,57.6,0,26.2762,0,12022.3,0.0,50058.0,0.0
2014-04-16 05:05:00,0.102,0,26.7534,0,12420.7,0.0,50058.0,0.0
2014-04-16 05:10:00,0.102,0,26.3572,0,12855.8,0.0,50058.0,0.0
2014-04-16 05:15:00,0.102,0,26.4279,0,13278.8,0.0,50058.0,0.0
2014-04-16 05:20:00,0.102,0,26.4983,0,13724.9,0.0,50058.0,0.0
2014-04-16 05:25:00,0.068,0,26.4717,0,14169.1,0.0,50058.0,0.0
2014-04-16 05:30:00,0.1,0,26.4082,0,14837.4,0.0,50058.0,0.0
2014-04-16 05:35:00,0.102,0,25.7621,0,14152.2,0.0,50058.0,0.0
2014-04-16 05:40:00,0.102,0,26.0168,0,13635.4,0.0,50058.0,0.0
2014-04-16 05:45:00,0.068,0,25.9331,0,13359.0,0.0,50058.0,0.0
2014-04-16 05:50:00,0.234,0,25.9581,0,12700.7,0.0,50058.0,0.0
2014-04-16 05:55:00,30.098000000000006,0,26.2608,0,29584.3,0.0,50058.0,0.0
2014-04-16 06:00:00,48.144,0,26.7126,0,25499.4,0.0,50058.0,0.0
2014-04-16 06:05:00,24.566,0,26.7216,0,23590.9,0.0,50058.0,0.0
2014-04-16 06:10:00,0.468,0,27.0087,0,23606.6,0.0,50058.0,0.0
2014-04-16 06:15:00,0.396,0,27.2803,0,23673.8,0.0,50058.0,0.0
2014-04-16 06:20:00,0.466,0,27.5639,0,23743.0,0.0,50058.0,0.0
2014-04-16 06:25:00,29.13,0,27.4122,0,23951.9,0.0,50058.0,0.0
2014-04-16 06:30:00,17.008,0,27.4883,0,20719.4,0.0,50058.0,0.0
2014-04-16 06:35:00,12.972,0,27.5577,0,16885.2,0.0,50058.0,0.0
2014-04-16 06:40:00,2.768,0,27.3466,0,14120.9,0.0,50058.0,0.0
2014-04-16 06:45:00,0.1,0,27.3246,0,10784.9,0.0,50058.0,0.0
2014-04-16 06:50:00,0.068,0,27.2901,0,7280.17,0.0,50058.0,0.0
2014-04-16 06:55:00,0.1,0,27.5065,0,4258.46,0.0,50058.0,0.0
2014-04-16 07:00:00,0.102,0,27.3168,0,2431.92,0.0,50058.0,0.0
2014-04-16 07:05:00,0.1,0,27.066,0,2669.58,0.0,50058.0,0.0
2014-04-16 07:10:00,0.1,0,27.2499,0,2941.12,0.0,50058.0,0.0
2014-04-16 07:15:00,0.066,0,27.711,0,3225.26,0.0,50058.0,0.0
2014-04-16 07:20:00,0.134,0,27.7729,0,3537.99,0.0,50058.0,0.0
2014-04-16 07:25:00,0.1,0,28.3581,0,3882.25,0.0,50058.0,0.0
2014-04-16 07:30:00,17.366,0,28.178,0,9470.33,0.0,50058.0,0.0
2014-04-16 07:35:00,17.67,0,27.8742,0,9398.63,0.0,50058.0,0.0
2014-04-16 07:40:00,0.5,0,27.7002,0,9445.73,0.0,50058.0,0.0
2014-04-16 07:45:00,0.534,0,27.6492,0,9507.16,0.0,50058.0,0.0
2014-04-16 07:50:00,0.534,0,27.6865,0,9582.22,0.0,50058.0,0.0
2014-04-16 07:55:00,0.7340000000000001,0,27.732,0,8391.43,0.0,50058.0,0.0
2014-04-16 08:00:00,32.338,0,27.2409,0,6451.11,0.0,50058.0,0.0
2014-04-16 08:05:00,1.926,0,27.1521,0,5297.79,0.0,50058.0,0.0
2014-04-16 08:10:00,0.8320000000000001,0,26.6813,0,5298.47,0.0,50058.0,0.0
2014-04-16 08:15:00,0.736,0,26.7485,0,5330.36,0.0,50058.0,0.0
2014-04-16 08:20:00,0.598,0,27.8047,0,5387.17,0.0,50058.0,0.0
2014-04-16 08:25:00,0.102,0,27.5557,0,4241.64,0.0,50058.0,0.0
2014-04-16 08:30:00,16.828,0,27.8474,0,3636.52,0.0,50058.0,0.0
2014-04-16 08:35:00,21.672,0,27.148000000000003,0,4437.44,0.0,50058.0,0.0
2014-04-16 08:40:00,0.664,0,27.0894,0,4329.68,0.0,50058.0,0.0
2014-04-16 08:45:00,23.452,0,27.0805,0,4358.53,0.0,50058.0,0.0
2014-04-16 08:50:00,18.178,0,27.6858,0,4364.46,0.0,50058.0,0.0
2014-04-16 08:55:00,0.77,0,27.4959,0,4392.99,0.0,50058.0,0.0
2014-04-16 09:00:00,0.602,0,27.6156,0,4439.18,0.0,50058.0,0.0
2014-04-16 09:05:00,0.7340000000000001,0,27.0191,0,4513.12,0.0,50058.0,0.0
2014-04-16 09:10:00,0.636,0,26.6295,0,4615.96,0.0,50058.0,0.0
2014-04-16 09:15:00,0.402,0,25.912,0,4738.23,0.0,50058.0,0.0
2014-04-16 09:20:00,33.148,0,27.2117,0,7481.93,0.0,50058.0,0.0
2014-04-16 09:25:00,12.37,0,27.0818,0,7495.59,0.0,50058.0,0.0
2014-04-16 09:30:00,0.27,0,26.5416,0,6751.17,0.0,50058.0,0.0
2014-04-16 09:35:00,5.102,0,26.601,0,6022.6,0.0,50058.0,0.0
2014-04-16 09:40:00,28.376,0,26.0764,0,6387.82,0.0,50058.0,0.0
2014-04-16 09:45:00,0.168,0,25.5636,0,6399.85,0.0,50058.0,0.0
2014-04-16 09:50:00,0.102,0,26.3934,0,6435.92,0.0,50058.0,0.0
2014-04-16 09:55:00,0.102,0,27.555,0,6490.03,0.0,50058.0,0.0
2014-04-16 10:00:00,32.58,0,26.4847,0,5159.76,0.0,50058.0,0.0
2014-04-16 10:05:00,0.268,0,26.5339,0,5182.85,0.0,50058.0,0.0
2014-04-16 10:10:00,1.134,0,26.6937,0,5275.85,0.0,50058.0,0.0
2014-04-16 10:15:00,32.508,0,27.1429,0,5366.44,0.0,50058.0,0.0
2014-04-16 10:20:00,1.634,0,26.2227,0,5488.79,0.0,50058.0,0.0
2014-04-16 10:25:00,0.534,0,26.4799,0,5681.54,0.0,50058.0,0.0
2014-04-16 10:30:00,0.102,0,27.1882,0,5258.38,0.0,50058.0,0.0
2014-04-16 10:35:00,0.068,0,26.5968,0,4706.42,0.0,50058.0,0.0
2014-04-16 10:40:00,0.1,0,26.5327,0,4940.9,0.0,50058.0,0.0
2014-04-16 10:45:00,0.1,0,26.5189,0,4402.21,0.0,50058.0,0.0
2014-04-16 10:50:00,0.102,0,27.3925,0,4091.19,0.0,50058.0,0.0
2014-04-16 10:55:00,0.102,0,26.7405,0,4413.94,0.0,50058.0,0.0
2014-04-16 11:00:00,0.068,0,26.9736,0,6287.04,0.0,50058.0,0.0
2014-04-16 11:05:00,0.1,0,26.6072,0,6489.42,0.0,50058.0,0.0
2014-04-16 11:10:00,0.102,0,27.8656,0,6702.87,0.0,50058.0,0.0
2014-04-16 11:15:00,1.004,0,26.8125,0,6937.0,0.0,50058.0,0.0
2014-04-16 11:20:00,0.102,0,26.7737,0,6028.33,0.0,50058.0,0.0
2014-04-16 11:25:00,0.098,0,28.0476,0,5911.82,0.0,50058.0,0.0
2014-04-16 11:30:00,0.1,0,27.8445,0,6226.39,0.0,50058.0,0.0
2014-04-16 11:35:00,0.102,0,27.287,0,6395.41,0.0,50058.0,0.0
2014-04-16 11:40:00,0.102,0,27.8148,0,5870.75,0.0,50058.0,0.0
2014-04-16 11:45:00,0.068,0,28.5654,0,6229.43,0.0,50058.0,0.0
2014-04-16 11:50:00,0.102,0,27.0501,0,6599.4,0.0,50058.0,0.0
2014-04-16 11:55:00,0.102,0,27.8147,0,7010.23,0.0,50058.0,0.0
2014-04-16 12:00:00,0.2,0,27.5102,0,6594.79,0.0,50058.0,0.0
2014-04-16 12:05:00,0.102,0,28.8586,0,7047.74,0.0,50058.0,0.0
2014-04-16 12:10:00,0.102,0,27.3986,0,7503.27,0.0,50058.0,0.0
2014-04-16 12:15:00,20.426,0,28.3318,0,2179.58,0.0,50058.0,0.0
2014-04-16 12:20:00,13.828,0,28.6907,0,2113.18,0.0,50058.0,0.0
2014-04-16 12:25:00,1.404,0,27.7238,0,2142.59,0.0,50058.0,0.0
2014-04-16 12:30:00,0.534,0,27.7374,0,2206.93,0.0,50058.0,0.0
2014-04-16 12:35:00,0.1,0,28.0389,0,2276.75,0.0,50058.0,0.0
2014-04-16 12:40:00,0.1,0,28.1479,0,2381.22,0.0,50058.0,0.0
2014-04-16 12:45:00,0.102,0,27.6798,0,2509.27,0.0,50058.0,0.0
2014-04-16 12:50:00,0.1,0,27.862,0,2659.16,0.0,50058.0,0.0
2014-04-16 12:55:00,0.1,0,27.9957,0,2808.98,0.0,50058.0,0.0
2014-04-16 13:00:00,0.098,0,27.6906,0,2997.45,0.0,50058.0,0.0
2014-04-16 13:05:00,0.068,0,27.2541,0,3200.26,0.0,50058.0,0.0
2014-04-16 13:10:00,0.102,0,28.4138,0,3432.86,0.0,50058.0,0.0
2014-04-16 13:15:00,0.102,0,27.1862,0,3623.76,0.0,50058.0,0.0
2014-04-16 13:20:00,1.032,0,26.9096,0,3892.28,0.0,50058.0,0.0
2014-04-16 13:25:00,0.17,0,27.6544,0,4182.35,0.0,50058.0,0.0
2014-04-16 13:30:00,0.096,0,26.7823,0,4461.82,0.0,50058.0,0.0
2014-04-16 13:35:00,0.1,0,27.3776,0,4765.47,0.0,50058.0,0.0
2014-04-16 13:40:00,0.098,0,28.0725,0,5103.02,0.0,50058.0,0.0
2014-04-16 13:45:00,0.102,0,28.3837,0,5449.6,0.0,50058.0,0.0
2014-04-16 13:50:00,0.064,0,27.72,0,5797.43,0.0,50058.0,0.0
2014-04-16 13:55:00,0.102,0,27.4744,0,6202.73,0.0,50058.0,0.0
2014-04-16 14:00:00,0.098,0,27.3613,0,6607.12,0.0,50058.0,0.0
2014-04-16 14:05:00,0.102,0,27.9439,0,7041.73,0.0,50058.0,0.0
2014-04-16 14:10:00,0.102,0,28.4317,0,7463.5,0.0,50058.0,0.0
2014-04-16 14:15:00,0.1,0,27.8803,0,7944.22,0.0,50058.0,0.0
2014-04-16 14:20:00,0.102,0,28.5817,0,8196.15,0.0,50058.0,0.0
